0 0.7094594594594595 0.35392535392535396 0.06949806949806941 0.0746460746460746
0 0.5955598455598456 0.38288288288288286 0.06949806949806948 0.02960102960102951
0 0.4985521235521236 0.323037323037323 0.020270270270270316 0.04118404118404118
0 0.2120838795927773 0.3992167145275808 0.09236263899706089 0.010505703013883618
0 0.2860615383155417 0.39192108743460596 0.013569866392933108 0.020427755860329383
0 0.3624467539789878 0.4009676650298947 0.058656841827517354 0.02101140602776738
0 0.40359409078336567 0.3285950442675848 0.01750950502313948 0.029182508371899195
0 0.267457689228456 0.42168724597394314 0.009630227762726698 0.04727566356247671
0 0.16349500315356516 0.42694009748088496 0.010067965388305282 0.04027186155322084
0 0.10855893114346495 0.40884694229030744 0.043773762557848775 0.008754752511569777
