0 0.067141 0.470441 0.020563 0.040232000000000004
0 0.4438372878740283 0.4645639999999996 0.019267575748056338 0.027068999999999975
0 0.9862115068783148 0.4936772983746217 0.004432015646255962 0.006401800377925184
0 0.9534638357143126 0.4954008600148324 0.006401800377925184 0.04235037173089026
0 0.8880916049320373 0.5040186682158857 0.015019608578978706 0.02216007823127974
0 0.9045885520597678 0.49392352146608043 0.013542270030226433 0.010833816024181289
0 0.8638386304233588 0.5013102142098403 0.03299389425546096 0.01280360075585051
0 0.8190260277778819 0.5266711926300828 0.010341369841264055 0.009356477475429231
0 0.8145940121316261 0.5082044607706829 0.006401800377925184 0.01280360075585051
0 0.6604338589420824 0.5072606250197391 0.011595252493521856 0.031886944357184886
0 0.6331850155823063 0.506390981082725 0.006377388871437049 0.012754777742873955
0 0.6460847339813494 0.5046516932086966 0.008406558057803295 0.023190504987043496
0 0.5496149681929318 0.4945375188487033 0.009276201994817513 0.01623335349093047
0 0.4972913913159148 0.49598692541039346 0.003768457060394539 0.024929792861071717
0 0.5925770708473512 0.5016338966777235 0.004958876458554897 0.007838224079651325
0 0.5354786756455653 0.4986870115982225 0.0055987314854650805 0.009117934133471905
0 0.2832761050706988 0.4650801725041323 0.018724006944971627 0.01208000448062684
