0 0.576168 0.4833779999999999 0.005914 0.012443
0 0.20831632796487795 0.40531835057703103 0.07387575847955734 0.03860174767400288
0 0.29284084442347064 0.402988934769117 0.06722028474266036 0.04459167403721032
0 0.3570661659845273 0.41330491906130745 0.0545748846425559 0.04392612666352065
0 0.7053321292054717 0.5281164114728218 0.025088208180715412 0.04948906819209597
0 0.11038016835846853 0.4476261267055217 0.030527266358237295 0.02249377521133276
0 0.06410725935229833 0.46626382616634016 0.027313869899475485 0.02506449237834218
0 0.13897939684144875 0.4608010521864451 0.020244397690199492 0.008997510084533075
0 0.10331069614919254 0.4714052605003591 0.01767368052319002 0.008354830792780774
0 0.08403031739662162 0.47718937412613044 0.006748132563399825 0.0070694722092761
