0 0.45456641755731275 0.4451473311343231 0.02265993443168939 0.07751260329736748
0 0.5062935782255152 0.4770275147485627 0.012658308199771682 0.026879370498280507
0 0.31641895522894076 0.48390363278300674 0.010157901641792129 0.01437733770838306
0 0.3066517421118323 0.4835910819632592 0.007813770493686256 0.016877744266362172
0 0.3009476896514414 0.48046557376578464 0.004219436066590525 0.011876931150403109
0 0.14490669289252764 0.4828097049138906 0.006876118034443887 0.018440498365099457
0 0.1828034797869058 0.48234087868426934 0.01015790164179208 0.006251016394949005
0 0.1943678601175614 0.47499593442020427 0.008907698362802278 0.009063973772676022
0 0.2103860896296181 0.4828097049138906 0.011876931150403003 0.017190295086109655
0 0.12709129616692308 0.47593358687944665 0.009376524592423455 0.01844049836509953
0 0.10341557157105384 0.4759335868794467 0.012033206560276764 0.005938465575201519
0 0.07817709287644735 0.4759335868794467 0.012502032789897947 0.00843887213318105
0 0.09114795189596647 0.4771837901584364 0.011564380330655589 0.01093927869116058
0 0.049813105984366376 0.47702751474856275 0.01578381639724616 0.008126321313433636
0 0.06473740762730705 0.47624613769919416 0.01343968524914029 0.009689075412170923
0 0.016662865577785856 0.47720983685494006 0.03324759345063485 0.006615660607703333
0 0.7163664788611525 0.4939052590149251 0.009689075412170923 0.023753862300806148
0 0.7320721575534617 0.49984372459012655 0.004844537706085532 0.01687774426636224
0 0.7729381772354407 0.5040631606567171 0.006876118034443977 0.012189481970150453
0 0.7870811018290127 0.5032817836073484 0.00890769836280242 0.012502032789897867
0 0.7677029510046708 0.507501219673939 0.002656681967853416 0.0065635672146963486
0 0.8088033838014601 0.49859352131113666 0.012345757380024197 0.0062510163949488625
0 0.8488880264340705 0.49703076721239936 0.011564380330655837 0.01312713442939291
0 0.8683443149633493 0.49390525901492494 0.008907698362802136 0.01500243934787747
0 0.8820184133273 0.49187367868656656 0.018127947545352043 0.0359433442709566
0 0.8987398821837885 0.49453036065441985 0.014689888528130126 0.010001626231918408
0 0.9834348065533853 0.48249715409414307 0.010939278691160723 0.030942531154997396
0 0.9967182163926519 0.4778349384944348 0.006563567214696206 0.009116067165682864
