0 0.88248 0.469388 0.019539 0.026481999999999995
0 0.043914 0.5084300000000002 0.013874 0.009882
0 0.538702 0.512805 0.011365 0.032628
0 0.567787 0.50228 0.013052 0.035914
0 0.09482499999999999 0.532389 0.035612 0.022233
0 0.828372 0.54294 0.010967 0.05969
0 0.6606893090534277 0.569623085182524 0.0442815467601978 0.03609725764825862
0 0.5658119663076895 0.5351542180277099 0.013571163238604243 0.03597175798184274
0 0.577993311624268 0.46876997375212737 0.01308063926612462 0.06278706847739819
0 0.6084057979180076 0.5083389075321544 0.01831289497257451 0.0320475662020052
0 0.632523226564925 0.563604608431531 0.007684875568848213 0.061479004550785706
0 0.6478929777026213 0.5055592716881029 0.017495355018441714 0.09581568262436292
0 0.7118246021158057 0.4767818653026288 0.03515421802770988 0.008829431504634187
0 0.8563656660064828 0.4306726118895394 0.008338907532154565 0.10889632189048754
0 0.8200668920429868 0.4893719805962737 0.008338907532154423 0.02289111871571805
0 0.8337198092770044 0.49018952055040643 0.01308063926612462 0.022564102734064947
