0 0.475298079221893 0.47752756504150407 0.005478124610058741 0.00458086996888506
0 0.467298240422353 0.47294905338101295 0.005131407862586523 0.006366434324972383
0 0.5220165134644763 0.48425905966476834 0.007835798492868591 0.007489081745396646
0 0.5971333266539112 0.46666434183073724 0.013247547762826323 0.01563311860748003
0 0.9850911798587012 0.5090146354342738 0.002635047280787575 0.0054087812605641975
0 0.44840832644668976 0.46151444103060085 0.006587618201969292 0.014146043296860356
0 0.432008624291261 0.47787947151128235 0.006795648250452473 0.025795726011921757
0 0.40330047760057397 0.4816240123839806 0.013313923102927276 0.004437974367642496
0 0.41834798444086163 0.4649816085053215 0.004160600969664756 0.008321201939329512
0 0.01421538664635472 0.511580339365567 0.003051107377754183 0.005824841357530701
0 0.48536877478614565 0.4794050252001594 0.002288330533315701 0.007766455143374386
0 0.48824652379016376 0.4804451754425756 0.0018029270868547087 0.0062409014544971345
