0 0.6764250000000002 0.440688 0.032281 0.086165
0 0.857057 0.502074 0.011953 0.108219
0 0.7320506588517094 0.4905286899424186 0.008139329678551662 0.03255731871420615
0 0.7178068319142443 0.47137732599288573 0.019869540097640623 0.013405954764673213
0 0.7067947976432627 0.4914862581398954 0.004069664839275902 0.028727045924299546
0 0.6186300787821827 0.4783999196086646 0.01807654753577606 0.01271950340620238
0 0.6006885991776637 0.48229387389089795 0.007580006787451713 0.011530155206695697
0 0.5408961074304325 0.4887162990003192 0.006942369431705799 0.015115600253918157
0 0.5092304927678631 0.5010900077315307 0.006420084841410476 0.011923845096203914
0 0.5273067576796471 0.49900478697956724 0.0022381240203460796 0.012507953672955768
0 0.5303090404356474 0.49963819168020485 0.0022335631558849656 0.014964873144429163
0 0.5339385805639605 0.4984097319444682 0.0027919539448562603 0.012507953672955737
0 0.5217874458209182 0.4939920499618248 0.002808050997763787 0.005637972182978993
0 0.4606007521330747 0.5021348247372377 0.004419145011439318 0.0058466963933743454
0 0.452758845586682 0.5042229557448927 0.005472229731918039 0.006071644025336467
0 0.4100307677073944 0.4992492398075934 0.015181823861112786 0.005915099003752066
0 0.34151711468447205 0.5140446740356627 0.001898528682502203 0.012954666304132658
0 0.3436389996825627 0.5128162142999261 0.0014518160513252098 0.012731309988544198
0 0.13703440776320477 0.503770283518592 0.004578804469564126 0.007147402098831818
0 0.1264808218516484 0.5022067893094726 0.006477333152066365 0.007594114730008883
0 0.08566245517785093 0.4917090424768132 0.0068123676254490916 0.008934252623539791
0 0.5145200622141091 0.49730440954241656 0.0037553472418503818 0.0272080438246599
0 0.7005861103163737 0.49787698563894767 0.009161394639388216 0.10361101080265069
0 0.9568870317755633 0.48697056344919004 0.013523963515293645 0.02159471593571091
0 0.9781545550455817 0.47540975592805196 0.006325724870056746 0.014178348846678901
0 0.8804875443363436 0.4803176459134407 0.003380990878823411 0.009597651526982602
0 0.9840220914920121 0.488388398333858 0.0077435597547246 0.01439647729047394
0 0.16231029011695294 0.4885561809839428 0.011757123120553697 0.011517181832379077
