0 0.783289 0.513473 0.025548 0.075375
0 0.852403 0.5250910000000001 0.025075 0.083658
0 0.4182523880141353 0.48439980720935566 0.007280089968967474 0.04742458608355939
0 0.4470607440341921 0.4856478226326071 0.005408066834090093 0.029120359875869754
0 0.15405354560598258 0.5101921259565545 0.015392190220102648 0.10233726470662816
0 0.21697432319491555 0.5079040976805933 0.01809622363714766 0.019552241630941224
0 0.28925521645823515 0.4683836092776271 0.01872023134877345 0.02288028275961196
0 0.18743795817796186 0.49604795115970346 0.017680218496063774 0.009152113103844855
0 0.11650908162316476 0.5122721516619738 0.006864084827883623 0.014976185079018621
0 0.14230140037036373 0.5158081953611865 0.010608131097638277 0.017888221066605682
0 0.13710133610681552 0.5020800257054193 0.020176249342566895 0.006240077116257865
0 0.012792158088328516 0.4958399485891616 0.006032074545715884 0.011232138809264072
