0 0.6968559999999999 0.464964 0.01747 0.07292
0 0.44550760991388844 0.5108488714292505 0.0054244357146252045 0.029188630273935274
0 0.4375001095732513 0.5185980653072864 0.0033579840138155247 0.008007500340637108
0 0.46998214724535187 0.5072325809528337 0.005553588945925796 0.0038745969390180336
0 0.4767626918886333 0.5069742744902325 0.0028413710886132293 0.0023247581634107915
0 0.48322035345366315 0.5058118954085272 0.005682742177226387 0.004649516326821512
0 0.41050708423142657 0.48798874948904536 0.003357984013815882 0.006715968027632505
0 0.2931067969791821 0.49160503996546134 0.008782419728440764 0.024797420409715016
0 0.3372836635415133 0.51291532313006 0.0032288307825149333 0.00955733911624428
0 0.6734049480013212 0.4332277794175908 0.026088952722721076 0.06147693809908489
0 0.8210270913779055 0.4837266928561248 0.009815645578845391 0.009040726191041983
0 0.848342999797982 0.4828226202370206 0.015885847449973484 0.010848871429250338
0 0.9286428397064194 0.4518258447248769 0.0200187508515927 0.012915323130059947
0 0.9291594526316217 0.4687449180252553 0.033708993369456264 0.008007500340637108
0 0.9391042514417678 0.48372669285612474 0.009944798810145983 0.006457661565029938
