0 0.8487584587121928 0.4958198319218276 0.03576500000000007 0.09488379518719131
0 0.30663299999999993 0.515504 0.01702 0.049206
0 0.11522386416921801 0.47493761630906567 0.011231057635487058 0.02807764408871762
0 0.14968279100537152 0.48310565822578355 0.0474767436409226 0.016846586453230613
0 0.12198802388150001 0.5213933547103986 0.019143848242307512 0.04543473316174321
0 0.19282026237803773 0.48642392525445016 0.007147036677128114 0.013273068114666487
0 0.6628184012726964 0.4935508774665577 0.006726328988356016 0.015576761867772007
0 0.7485253607766021 0.4962437715488512 0.006460816001973626 0.021064030253009916
0 0.7953656537939291 0.45347883650656096 0.013699597347884946 0.024908358814336253
0 0.8373136705979358 0.45108716520092945 0.06777164183423388 0.01640138650755263
0 0.8894952849448162 0.40725166661439827 0.01405543104523261 0.030957531669246592
0 0.9170723964892632 0.4022699948515311 0.03860795616222137 0.03451586864272281
0 0.9586343326833373 0.39675457254264196 0.02401877457096716 0.03416003494537469
0 0.9268761751950558 0.4640071413413503 0.0153008489859495 0.024908358814336184
