0 0.783171 0.45572700000000005 0.185302 0.266538
0 0.946507 0.48878 0.105848 0.264465
0 0.49335149143256357 0.6036181797271414 0.032219017134872775 0.04724915672569832
0 0.45625910514046175 0.6236230000000001 0.03359078971907626 0.04424900000000002
1 0.7070884548315927 0.6228927836284937 0.02629850157376249 0.030390161799817253
1 0.7116916707089436 0.7080199972792187 0.027457936122957705 0.02221870955004576
1 0.7088388981247402 0.6810401356827345 0.021039197808500065 0.029201732551488672
1 0.7061644238270495 0.6518384031312457 0.019969408089423837 0.024123170368621133
1 0.7239942524783207 0.6743745228177207 0.007845124606559466 0.02856691227863024
1 0.5389206310781249 0.6899276195027526 0.019256214943372926 0.021583889277187324
1 0.5403470173702266 0.7197641723270999 0.01640344235916956 0.02412317036862106
0 0.5793943421165108 0.5785166616160948 0.0295975155611103 0.07681325301587236
0 0.39753008987354377 0.6486643017669536 0.011767686909839058 0.01650532709431964
