0 0.872588 0.419811 0.04596900000000001 0.086656
0 0.16909500000000002 0.47090499999999996 0.013356 0.04973000000000001
0 0.924239 0.5642710000000001 0.014267999999999998 0.06232200000000001
0 0.19262800305961073 0.5324324578951039 0.028136674604212823 0.01991210818144289
0 0.2240112170412327 0.5281037387252251 0.006493078754818349 0.023375083517346056
0 0.24781917247556662 0.4949890370756515 0.011687541758673028 0.015150517094576231
0 0.05003752111498956 0.4925452457175248 0.009068306428053372 0.012268885167366364
0 0.06070611691269942 0.49361210529729577 0.0074680170583968945 0.01120202558759523
0 0.05723882327844372 0.5104151436786887 0.004800868108969443 0.01813661285610678
0 0.8160298058316594 0.534495928202679 0.015182006314863088 0.05447661089450861
0 0.8017408587117881 0.5260118658502555 0.008037532754927525 0.026791775849758323
0 0.8046433010955121 0.47823319891818644 0.012056299132391217 0.016968124704846942
0 0.9565909151467105 0.4877289627707947 0.011227672304259074 0.0064475741945249606
0 0.9976655334812926 0.4855690358911261 0.00444660289277607 0.008003885206996629
0 0.9755436840897326 0.5021326316667163 0.004224272748136997 0.007336894773080118
0 0.9806016948802653 0.500909815871203 0.0036684473865400947 0.0071145646284414
