0 0.9333270581171128 0.5148966769185394 0.013401403530616545 0.01913910063648814
0 0.528816 0.841993 0.942367 0.300701
0 0.10992963552040445 0.521046873162875 0.023205651898145142 0.012695468751451635
0 0.49903387965915863 0.49860056919088047 0.0021629979223244783 0.012627231114110375
0 0.5136215540245747 0.4954325881921443 0.002572213745466882 0.010118897480366247
0 0.5173910418541006 0.4930603000048346 0.0036445358974075298 0.010078491150247317
0 0.5295506242656647 0.49082840164619745 0.009236585722358437 0.004209077038036797
0 0.5185282037525197 0.514639598814761 0.005651516716018122 0.016485551732310876
0 0.8759331331965369 0.4639896618996917 0.004864233231567711 0.012764299969362482
0 0.8666502316915157 0.4708143418087464 0.002104384589543574 0.010004451327338182
0 0.9623169473646672 0.47279862234623743 0.00810164589770635 0.007462042274203274
