1 0.2984050887327958 0.410180708175077 0.14049628173877438 0.04160051410838548
1 0.1804063218829802 0.41858217879822923 0.05786253325984511 0.02155663003798143
0 0.09730442166794179 0.5385750221732302 0.04727331148680158 0.1289615937359948
1 0.2851526148883873 0.5533242953571123 0.022691189513664795 0.04122232761649108
0 0.5983855767999348 0.49697450806484483 0.01153468800277956 0.023825748989347913
0 0.6411206503840033 0.5035927716729971 0.019854790824456573 0.00983284878925481
0 0.7633241077228489 0.4896406422499783 0.039709581648913396 0.048029684470590424
0 0.7078705662033671 0.5138038069541462 0.005861890624363469 0.014371086691987714
0 0.7556166108050367 0.5291203598758698 0.03176766531913074 0.024582121973136778
0 0.788707928845798 0.5287421733839754 0.024582121973136993 0.03214585181102514
0 0.875407182112592 0.5211784435460872 0.01266924747846275 0.016262019151459767
0 0.8868276923005968 0.5200438840704039 0.009643755543307719 0.017774765119037354
0 0.8957150748601157 0.5172074853811958 0.006996450100046587 0.01588383265956544
0 0.9041297243047661 0.5149383664298293 0.00869828931357148 0.01588383265956537
0 0.9159480521764667 0.5122910609865684 0.0058618906243633265 0.014371086691987571
0 0.9222826759156981 0.5121019677406212 0.004160051410838293 0.012480154232515589
0 0.9271991003103256 0.510967408264938 0.003781864918944109 0.011723781248726724
0 0.9431774795928644 0.5077528230838354 0.01418199344604048 0.010589221773043533
0 0.9549012608415911 0.5047273311486802 0.008887382559518642 0.008320102821677153
0 0.9629377237943476 0.5039709581648913 0.005672797378416163 0.00832010282167701
