0 0.3581810000000001 0.487351 0.014038 0.036802
0 0.311373 0.4958000000000001 0.018549 0.028499
0 0.21366152190525484 0.42536936405909004 0.013142936509550118 0.01740551051264745
0 0.24065782392487145 0.4379794788182531 0.025220229518326 0.01705029601238948
0 0.2591289779382933 0.44419573257276995 0.009590791506969048 0.012432507509033925
0 0.27946500807807023 0.4553849893309006 0.014386187260453624 0.014208580010324568
0 0.30317557597029926 0.4639101373370953 0.014208580010324531 0.011366864008259512
0 0.15065482453006518 0.41698467237286324 0.013601495245531368 0.010390031090336507
0 0.1359670987614532 0.41566230477954774 0.011051214886994263 0.008500934528457122
0 0.1259548869834926 0.414906666154796 0.006139563826107892 0.008123115216081231
