0 0.5947031172774768 0.461059 0.02923323455495211 0.06150099999999999
0 0.04467700000000001 0.500834 0.010501 0.023025000000000004
0 0.9024850023435421 0.47727883894294715 0.030394999999999967 0.060711526203009375
0 0.49570039092492135 0.4964374667663634 0.002948303365768226 0.004422455048652268
0 0.4907865519819745 0.4964374667663634 0.004422455048652268 0.008844910097304393
0 0.5527009226631053 0.47887049254532826 0.0034396872600628114 0.007125066467272987
0 0.554727881227071 0.4907865519819745 0.002825457392194437 0.010810445674483162
0 0.5603787960114599 0.48980378419338505 0.003071149339341943 0.010810445674483233
0 0.5683637842937486 0.4893124002990905 0.0040539171279312565 0.011793213463072548
0 0.6233308908573753 0.454571040676334 0.014987208775987984 0.018918279930345686
0 0.7119707274013715 0.47850195462460726 0.019286817851066614 0.005405222837241581
0 0.7739465210692891 0.4906637060084008 0.01916397187749297 0.013513057093103954
0 0.9881453635501404 0.486118404986175 0.005036684916520784 0.014741516828840702
