0 0.783211 0.4908620000000001 0.014079 0.036624
0 0.797348 0.492451 0.013971 0.037634
0 0.371225 0.52678 0.013026 0.05180100000000001
0 0.7893050000000001 0.528251 0.028864 0.03334
1 0.3017871840802357 0.522395794798812 0.009030075836666462 0.011023728943462955
0 0.4307065468578483 0.4876217997854465 0.006249776815290815 0.007611907659649048
0 0.43709654302476425 0.49098706422444927 0.004206580548753394 0.006009400783933358
0 0.520876213676128 0.49871958567992897 0.004679945220951965 0.012815849989683699
0 0.6133231315792392 0.4845357517025824 0.0072719148817868276 0.027647676382238872
0 0.5771435550634189 0.4883517070365893 0.005183939321669655 0.021455748859133265
0 0.8716643836670305 0.4649922767694312 0.015412208783626194 0.013870987905263628
0 0.871014865784672 0.49216858948934844 0.009863813621520875 0.0289749525132175
