1 0.05694257037558817 0.5368888825476636 0.01386427800449101 0.03664130615472636
0 0.20246597807643898 0.4649808305574231 0.018568229470300495 0.007922444573994934
0 0.2938731784166226 0.4470186519114093 0.0074272917881202 0.019310958649112565
0 0.7285518738576201 0.4884476100268656 0.008385025170592683 0.025993578028837522
0 0.7778277129356997 0.5060731169310896 0.0069875209754937375 0.006149018458434625
0 0.776430208740601 0.5164146479748205 0.004751514263335821 0.01229803691686925
0 0.7377193425363646 0.4907005707850029 0.0033540100682371587 0.022919068799619993
0 0.8954666862066111 0.507750121965208 0.05058965186257595 0.008944026848632235
0 0.8485815215205017 0.5127752381359716 0.040527621657865026 0.006708020136474217
0 0.9335191260576456 0.5086650224317522 0.024735824253248485 0.0072670218145136824
