0 0.321842 0.466682 0.018024 0.059634
0 0.41093299999999994 0.511403 0.015341 0.023944
0 0.9301545391542945 0.46734629233250596 0.009714716376620771 0.018759452313474867
0 0.9172574156887796 0.4415520454014778 0.02411929583161233 0.03416900242811515
0 0.9425491772899832 0.4884506761851651 0.01105467725615469 0.02746919803044527
0 0.9539388447660215 0.4897906370646991 0.007034794617552791 0.022109354512309665
0 0.9433866528396919 0.4432269965008955 0.011389667476038312 0.02947913934974615
0 0.6233924753557448 0.4249187235956082 0.03919385572636855 0.08781253970840883
0 0.4464286616425507 0.5152498937758435 0.011054677256154832 0.050248532982521826
0 0.2938406164856259 0.5303244536706 0.012059647915805272 0.017419491433940948
0 0.31109261280962514 0.5112300111372418 0.01641452077429051 0.01138966747603817
0 0.06130321023867667 0.4934755294834174 0.009379726156737399 0.050918513422288925
