0 0.145762 0.5405350000000001 0.020685 0.065497
0 0.067539 0.55669 0.018059 0.053079999999999995
0 0.4738567441843699 0.42212060152573927 0.011236331123152112 0.014981774830869553
0 0.5404352349198285 0.430257255097677 0.0038745969390178913 0.00955733911624428
0 0.5488947715700178 0.42483281938305184 0.004262056632919809 0.013173629592661058
0 0.26724856266651226 0.47548436978361175 0.03177169489994728 0.04003750170318571
0 0.06508676711797526 0.5127861698987596 0.007361734184134132 0.011365484354452704
0 0.0793581991766914 0.48992604795855355 0.009557339116244297 0.014723468368268228
0 0.027955213119053156 0.5445578647987067 0.003616290476416757 0.011882097279655213
0 0.04003104024565912 0.5569565750035642 0.007878347109336513 0.0206645170080958
0 0.007878347109336515 0.5444287115674062 0.005424435714625141 0.015240081293470596
0 0.8400350737895154 0.5409680084422506 0.014723468368268018 0.07335903537874011
0 0.962480986307176 0.5564399620783618 0.011494637585753508 0.03771274353977482
