0 0.111312 0.43798899999999996 0.040365000000000005 0.081073
0 0.16266899999999984 0.48268253048000104 0.00825899999999971 0.040848939039996285
0 0.21869999999999923 0.4842750815500006 0.01359099999999997 0.019411163100002776
0 0.5171739993316913 0.4825879886387401 0.020943997326761016 0.04018499599014368
0 0.5497090003341554 0.49695200467816536 0.012093999331692182 0.01753700935633257
0 0.47521500000000005 0.889452 0.9504290000000001 0.209375
0 0.021218905505382836 0.46319534371285664 0.007382204279997762 0.029528817119991117
0 0.06674249856536903 0.46473330293785614 0.01045812272999683 0.02645289866999192
0 0.056591967680372106 0.465348486627856 0.006767020589997941 0.023992163909992714
0 0.08212209081536434 0.4693471806128548 0.015379592249995317 0.017225143319994772
0 0.18481098865766557 0.5130245818280249 0.015994775939995088 0.01291885748999606
0 0.25757019242794416 0.4893697613715702 0.006213019046817862 0.010464032078851134
0 0.27931575909180667 0.4841377453321446 0.009156028068994751 0.015260046781657906
0 0.2447081529976896 0.4917677687229735 0.004687014368652101 0.00654002004928202
0 0.8328170531089805 0.5020555391165452 0.004905015036961515 0.01744005346475191
0 0.8458425930404672 0.46990044054090885 0.004360013366188013 0.011554035420398137
0 0.8606431667747192 0.48599695637401685 0.007085021720055525 0.012426038093635731
0 0.8859002158423189 0.4859234896616498 0.00708502172005538 0.005668017376044361
0 0.9426893899369175 0.43491133327725046 0.046107141347437736 0.03618811093936017
0 0.8889522251986542 0.44047035031914034 0.009265028403149524 0.04294613165695163
