0 0.42731499999999994 0.895395 0.8546289999999999 0.20005899999999996
0 0.34890357358058055 0.46939506732901365 0.020263002458400337 0.046436047300500716
0 0.2815423414664928 0.48832549796991487 0.010289502509278528 0.01705442404852796
0 0.23182869536503375 0.4913384462184883 0.004661542573264335 0.00807242738296992
0 0.26138969704914894 0.49389660982576744 0.005343719535205373 0.010460046749763805
0 0.2662502079029794 0.49997935440307584 0.0034677328898674274 0.010118958268793322
0 0.4313008638421931 0.5256439437249074 0.00790442020638956 0.051251240693042203
0 0.5120024443364609 0.49402626289934914 0.009434307988271513 0.015043896521838178
0 0.5611500893294155 0.5238590746460453 0.008286892151860101 0.04564165215947533
0 0.6193437763011104 0.45983398690177507 0.014916405873348127 0.02055505137219117
0 0.8144740078793528 0.47184289006206226 0.020271013109934587 0.03085273693461744
0 0.8488327376474493 0.5113649910940101 0.011984120958074556 0.019123597273523175
0 0.8332151332074055 0.48140468869882386 0.010836705121663215 0.011729139661094337
0 0.8852950631156337 0.5134048414698527 0.05992060479037292 0.026773036182932586
0 0.9213382698815746 0.4594762971585172 0.009179326691291153 0.020908466352385347
