0 0.190564 0.533311 0.007979 0.021326
0 0.09159742228053945 0.4944548318304686 0.006891579518420059 0.01953876390936685
0 0.10750106732304733 0.5045271403573903 0.01113255152975551 0.019993153767724293
0 0.14820682546756156 0.5311089470712962 0.004392435297454558 0.018024131048175605
0 0.2342001061616935 0.4999832417738166 0.0158279133994483 0.024839978923536066
0 0.2549127105384835 0.49877153548486364 0.016358034900865306 0.02726339150144206
0 0.4746859386973306 0.49051678639137136 0.007421701019837173 0.006815847875360532
0 0.6426965888249673 0.4886992269579419 0.02643034342778691 0.014086085609078439
0 0.8185779861108804 0.5082254612582395 0.0196982264206288 0.018511586274807784
0 0.8324616758169864 0.4472321577630396 0.021834178683106557 0.017087618099822493
0 0.9605273413918297 0.5064133538988556 0.007323743854344826 0.012034692603896531
