0 0.853782 0.433291 0.050733 0.131969
0 0.384422 0.48276 0.023624999999999997 0.048411
0 0.16006055859361012 0.4565181958790096 0.01447600611721004 0.01121380755558512
0 0.12478803664604207 0.4461199379638306 0.012029357195991394 0.011621582375788293
0 0.10561367843260266 0.4535475437708969 0.013456569066702286 0.013660456476803801
0 0.07212109333340617 0.4656506145368182 0.019411198814150776 0.011536844578221732
0 0.05118330253353911 0.4633965905585714 0.010071848441304656 0.016664331057431384
0 0.05676860030553531 0.45332474211726675 0.008057478753043723 0.010438097475533894
0 0.23238501221846555 0.47117938253594316 0.015382459437628917 0.008423727787273023
0 0.2506516828006499 0.47282750318997485 0.01968588558982276 0.007691229718814441
0 0.2703375683904727 0.4756659332052516 0.015474021696186285 0.007508105201699849
0 0.2922667293149496 0.478962174513315 0.013368089749367975 0.008606852304387616
0 0.3171258825132607 0.48326560066550883 0.021150881726739817 0.01208621812956558
0 0.40548346202106955 0.5070717878904107 0.003387803566620633 0.03442740921755046
0 0.42109482710509183 0.5121992743696204 0.0038456148594072205 0.014649961369170511
0 0.5340826541648187 0.516777387297486 0.011353720061107068 0.017579953643004343
0 0.5735002064737426 0.48115966871869065 0.030856481133815096 0.03094804339237257
0 0.9049876730219407 0.46981531006382865 0.027524533316870787 0.013287705739179003
0 0.9817479017116624 0.4738490778775081 0.0059320114907049516 0.029897337913152668
