0 0.6542881758184257 0.514602915011519 0.00406966483927576 0.011490818369720017
0 0.6668562584103067 0.5150816991102574 0.017715011653318128 0.008618113777289977
0 0.685768230310469 0.5162786593571019 0.007660545579813676 0.011012034270981609
0 0.7067150346302725 0.5184331878014256 0.008378721727920748 0.014363522962149702
0 0.7761387289473299 0.5167574434558415 0.017954403702687215 0.011012034270981488
0 0.7928961724031715 0.5167574434558414 0.003590880740537301 0.022502852640701364
0 0.8010355020817229 0.516039267307734 0.004548448938013934 0.02298163673943968
0 0.8106111840564894 0.5122089945178273 0.004069664839275902 0.023939204936916383
0 0.8374230935858357 0.516039267307734 0.023699812887547012 0.005745409184859867
0 0.8169550733647722 0.5169968355052107 0.004787840987383163 0.005745409184859867
0 0.8227004825496322 0.5162786593571032 0.004309056888644846 0.004309056888644775
0 0.9052275443629276 0.5082621593873182 0.004790992969373349 0.0044224550486521965
0 0.9065788500722379 0.5023655526557819 0.008476372176583454 0.00540522283724151
0 0.9240229783196995 0.5075250835458761 0.007984988282288583 0.006879374520125623
0 0.9503702266762362 0.47681359015245806 0.008107834255862372 0.0034396872600628826
0 0.9511073025176784 0.4840615025933047 0.00884491009730425 0.008599218150157028
