0 0.966947 0.48617600000000005 0.007406 0.033614
0 0.4170948719973769 0.4593144634921789 0.05540791597182784 0.09096822025225482
0 0.5868333011498796 0.4957017515930808 0.020261103601638623 0.018193644050451
0 0.17160104048218094 0.49546759166892934 0.00462315190553877 0.009883979935979425
0 0.181006763324484 0.49482991554402744 0.0052608280304406565 0.010521656060881313
0 0.190412486166787 0.4967429439187332 0.004941989967989713 0.012434684435587045
0 0.24875985159531078 0.488612573326234 0.0011159332185783554 0.003188380624509435
0 0.25170910367298205 0.49738062004363504 0.010521656060881384 0.01626074118499844
0 0.011637589279459659 0.4894096684823613 0.006376761249018993 0.009246303811077468
0 0.054680727710337856 0.48430825948314615 0.0025507044996075923 0.006695599311469919
0 0.07134001647339998 0.48159813595231316 0.011956427341910611 0.007014437373920899
0 0.04320255746210367 0.4827140691708914 0.005101408999215202 0.005420247061666146
0 0.11884688777859145 0.5032791241989777 0.007492694467597296 0.021680988246664583
0 0.49228596842426614 0.4991342293871153 0.0060579231865680325 0.008927465748626559
0 0.45131527739931904 0.49738062004363504 0.001913028374705732 0.010521656060881384
0 0.7685591495380141 0.494351658450351 0.009565141873528518 0.010840494123332291
0 0.7408999476203941 0.48255465013966586 0.007492694467597403 0.0038260567494113927
