0 0.7285788511999212 0.46527560392605866 0.024238316071414658 0.010657982953388014
0 0.7974259830197904 0.5072199239361662 0.0034380590172219173 0.018221712791276233
0 0.8887064499270327 0.4969057468845004 0.0082513416413326 0.03472439607394158
1 0.9701748380255996 0.515815071479221 0.031114434105858634 0.03609961968083034
0 0.846079098508485 0.4995810849444322 0.0029110420278121297 0.00795684820935314
0 0.851610078361328 0.4934678966860268 0.005045806181540939 0.009703473426040433
0 0.5695301058663317 0.5248101158521375 0.00795684820935314 0.028528211872558912
0 0.559292941401859 0.510060836244556 0.013293758593675448 0.006792431398228374
0 0.5166946930615414 0.4990959112731303 0.007859813475092778 0.013973001733498336
0 0.4661350143570963 0.4710206684194961 0.005336910384322241 0.008344987146394861
0 0.43214533823758644 0.4965091134384179 0.020571363663205756 0.005239875650061881
0 0.3888029133063276 0.49230347987490186 0.013681897530717104 0.02057136366320594
0 0.2220972398469529 0.4960878345110578 0.0125174807195922 0.0067924313982282315
