0 0.5845979862151109 0.5087883711553931 0.02992445705179646 0.050477367968316804
0 0.5673913504538795 0.28766238801938804 0.06056388127358001 0.12615570740761514
0 0.47757397181041567 0.36902367757937327 0.0217115800792093 0.04936527681167597
0 0.4167480660467179 0.5281627532952919 0.03222455569651075 0.11198604461907963
1 0.2515115144965248 0.4954811117023769 0.02125449418280489 0.015540920477749793
0 0.31538926851904026 0.49456693990956624 0.005027944860447683 0.028339325577072923
0 0.3113897669255021 0.4957096546505791 0.004342316015841838 0.02696806788785999
0 0.30807589417657016 0.4947954828577702 0.004113773067639741 0.026053896095051102
0 0.3036193066866272 0.49136733863473725 0.0034281442230330583 0.020111779441794014
0 0.7548773579118776 0.5151358052477665 0.009141717928088298 0.031996012748308475
0 0.833838946515739 0.5030230289930495 0.008456089083481402 0.011427147410110052
0 0.9401217475710226 0.49136733863473714 0.004570858964044077 0.007313374342470379
