0 0.4719129880532958 0.5044041251873506 0.005966879286087661 0.00966066170128471
0 0.5699402906104502 0.5144909925519273 0.005682742177226316 0.009376524592423507
0 0.5759782041737531 0.5130703070076208 0.005256536513934406 0.009376524592423436
0 0.5742023472433698 0.4970165603569563 0.00511446795950377 0.005682742177226316
0 0.597204773753886 0.493200172775061 0.009518593146854066 0.00966066170128478
0 0.6188977347516935 0.49261020221368745 0.021452351719029324 0.0179883541305055
0 0.6174734752858358 0.509728364301412 0.022568102197898014 0.007794453998320852
0 0.6145498167016769 0.5291240536582852 0.0042620566329196665 0.014206855443065934
0 0.6195932503839652 0.5262826825696719 0.004404125187350441 0.01477512966078836
0 0.10246563638997105 0.4566506577137595 0.014352177367392948 0.01040012852709629
