0 0.4345990197848165 0.4532939682510401 0.004916424394627441 0.016640205643354163
0 0.46078917641216655 0.45294177513093425 0.04160051410838542 0.007941916329783059
0 0.5358584529895455 0.45064666280777915 0.04557147227327668 0.016640205643354236
0 0.5462585815166419 0.47560697127281054 0.006240077116257794 0.025716681448820045
0 0.5163818486569832 0.4722032928457607 0.006996450100046587 0.018909324594720615
0 0.676071094859399 0.4977308810486336 0.02117844354608721 0.0639135171301558
0 0.825738399026613 0.4703123603862886 0.011912874494673957 0.02193481652987593
0 0.861949755625503 0.4884653119972205 0.009076475805465804 0.008320102821677082
0 0.811650952203546 0.491679897178323 0.005294610886521695 0.004160051410838505
0 0.9655850292376084 0.48584952305672874 0.06882994152478332 0.025023341470569706
0 0.3325953884293348 0.4860070997999068 0.01531655292172367 0.010211035281149137
0 0.3361881601023318 0.4765524375025464 0.006240077116257794 0.009454662297360344
0 0.3720213302093275 0.4967854148188976 0.006429170362205028 0.026473054432608903
0 0.15153860543488473 0.49905453377026404 0.018531138102826236 0.008320102821677153
0 0.16846245094715967 0.4960290418351087 0.009265569051413075 0.009832848789254669
0 0.022880282759611976 0.49432720262158264 0.028742173383975392 0.010967408264937906
