0 0.08036906500927887 0.4482854272123625 0.03664899999999998 0.16865900000000011
0 0.455837 0.531354 0.026146 0.047802
0 0.02014218009478673 0.46208530805687204 0.018167456556082148 0.06161137440758296
0 0.22740582270798437 0.6667165293661842 0.026066350710900445 0.15955766192733045
0 0.15811165364047275 0.4765919964118606 0.06556082148499205 0.032860651354841966
0 0.6890722526604486 0.5097639221504795 0.038704581358609845 0.04423380726698275
0 0.7512559756319521 0.4893323567761812 0.07703053803872296 0.054338992082018554
0 0.6792841674512431 0.4477851007255553 0.04504328071755879 0.03394566083062422
0 0.7431562227797882 0.4218486621441051 0.05614090060449383 0.030028853811706186
0 0.8234172835637722 0.38706539762119246 0.06593291815178944 0.03655686550990303
0 0.9187262543574479 0.3674813625266017 0.03720966667972263 0.09661457313331497
0 0.7370905139335967 0.3501268509774269 0.22717480709725382 0.11880981290718501
