0 0.47938562492272213 0.49975142291878044 0.0036311112706150796 0.008051594556581278
0 0.5526393479473041 0.4808854317518892 0.016103189113162487 0.02494415568509467
1 0.6268289260734166 0.49989899260753157 0.006665901255888187 0.008204186161093077
1 0.5965759896043858 0.4931305390246298 0.0054352733317242045 0.005332721004710521
0 0.6235985277724861 0.4889258936170696 0.008819500123175103 0.007588872199011121
1 0.6120101148199422 0.49200246342747966 0.013947116473858188 0.005948034966792477
0 0.585328333493316 0.4943430594654215 0.006255691947833454 0.006358244274847141
0 0.6786400240129191 0.48322656488838306 0.015690506033090513 0.00533272100471045
0 0.8383139971731934 0.4713304949547981 0.020613017729746445 0.011075651317475703
0 0.8968713758979954 0.4758427973433993 0.01015268037435277 0.013947116473858259
0 0.925021989663246 0.47215091357090744 0.012511383895667052 0.008204186161093148
0 0.7908322697658676 0.4752274833813173 0.013844564146844646 0.028304442255771178
