0 0.755824 0.5016669999999999 0.030746 0.035003
0 0.478521 0.8985140000000001 0.9570430000000001 0.185668
0 0.2878941251556652 0.49230268246403064 0.014776223503992944 0.007581708389233324
0 0.26905133253149494 0.49254914328013555 0.003941940946005644 0.004173819825182505
0 0.3412816033950691 0.4884912628945415 0.0016231521542376726 0.01924594697167464
0 0.4173819825182455 0.505843774924196 0.003710062066828783 0.013217096113077744
0 0.4092662217470574 0.505843774924196 0.003014425429298413 0.012753338354724164
0 0.5069451996002857 0.4994671057468338 0.00939109460666053 0.006492608616950477
0 0.5172638097236535 0.49865552966971494 0.005912911419008467 0.005333214221066456
0 0.5516398535616145 0.4581926652533628 0.00811576077118815 0.05008583790218943
0 0.8979915425923102 0.5123252397170187 0.002980210278628732 0.02763467712910412
0 0.6088952050614815 0.5059565376324767 0.010640724496076075 0.006936175967812588
