0 0.9170619999999999 0.382422 0.026897 0.073674
0 0.443051 0.612867 0.006959999999999999 0.024961999999999998
0 0.09120025746472175 0.4198128081880579 0.004218477500378732 0.008436955000757465
0 0.09817697025380961 0.42500478049621626 0.00454297576963862 0.011032941154836636
0 0.10807416746623659 0.4314947458814143 0.005516470577418318 0.012330934231876256
0 0.11959385602496309 0.4373357147280925 0.007787958462237636 0.029204844233391043
0 0.13257378679535914 0.44609716799810983 0.007787958462237636 0.01946989615559417
0 0.14912319852761408 0.4600505935762856 0.006489965385198015 0.0330988234645099
0 0.16875534381783808 0.4727060260774217 0.012006435962616316 0.02206588230967327
0 0.19244371747381087 0.49087792915597617 0.013304429039655936 0.0220658823096732
0 0.08339605519979454 0.41665577772971285 0.003893979231118809 0.010383944616316825
0 0.5393161235099554 0.5944808292841386 0.012330934231876256 0.016873910001514714
0 0.6472117980388725 0.5490510715877523 0.022390380578933177 0.015575916924475236
0 0.7388825591047944 0.39296740407374015 0.0240128719252327 0.0369928026956287
