0 0.07248 0.5326699999999999 0.011707 0.019125
0 0.5010141463660319 0.5041094209959281 0.010449670532502892 0.0103322585040479
0 0.7157020403961631 0.4638370952358325 0.01855110049590408 0.12657016667458657
0 0.7484012903209057 0.4829752558740122 0.0057531893942994825 0.007514369821125797
0 0.757911664625768 0.48309266790246724 0.007396957792670662 0.005870601422754476
0 0.7794567718472769 0.45209589239032355 0.01009743444713763 0.008688490105676579
0 0.7993581106704145 0.5132675592154253 0.008805902134131714 0.012210850959329349
0 0.8777306396641869 0.4733474695406949 0.008923314162586848 0.007984017934946123
0 0.8907046688084744 0.4729952334553296 0.011623790817053958 0.00868849010567665
0 0.9125433061011211 0.49624281508943724 0.0045790691097482746 0.00868849010567665
0 0.9410004557013174 0.4873195009268504 0.009980022418682495 0.00868849010567665
0 0.12281473541202541 0.5426205663291976 0.021603813235736503 0.02254310946337714
0 0.14342054640589363 0.5422683302438324 0.018668512524359287 0.024656525975568756
0 0.16678554006845644 0.5395678535893654 0.01185861487396405 0.020194868894275474
0 0.18398640223712706 0.5380414972194492 0.011036730674778426 0.02042969295118553
0 0.1359061765847679 0.5139720313861558 0.012093438930874232 0.01549838775607185
0 0.1174724881173188 0.512797911101605 0.00810142996340117 0.017376980211353227
0 0.08801537311708083 0.5369358183498535 0.013854619357700548 0.02207346134955696
0 0.06134953851578597 0.5306445394267786 0.01021484647559281 0.02207346134955685
0 0.05089986798328299 0.5254784101747546 0.006927309678850282 0.019725220780455004
