0 0.12155500000000014 0.5002759815415662 0.017553000000000003 0.031503963083129236
0 0.11682037380393244 0.5335824352769529 0.022639567960600307 0.013695541111968126
0 0.09711556465303958 0.5078683580871354 0.006708020136474175 0.02375757131667946
0 0.07335799333636023 0.5099646143797835 0.005869517619414886 0.021242063765501484
0 0.14485130982198907 0.5084273597651747 0.006568269716964288 0.023757571316679316
0 0.16134185932415473 0.5067503547310561 0.00405276216578649 0.015931547824126112
0 0.17119426389960118 0.509265862282234 0.004472013424316117 0.019285557892363272
0 0.1800684155384784 0.5098248639602736 0.004611763843826004 0.018167554536284172
0 0.21912865779148943 0.5131788740285106 0.00670802013647414 0.00866452600961253
0 0.27370119661009706 0.5014398387896809 0.010760782302260664 0.013695541111968055
0 0.29745876792677634 0.49039955564840043 0.012717288175398913 0.03074509229217327
0 0.2966901406194721 0.5198868941649848 0.01677005034118544 0.008105524331572838
0 0.3206188685555469 0.4944525771035575 0.013136539433928573 0.01090053272177043
0 0.3497938823764945 0.4909087106475977 0.00670802013647411 0.012298036916869428
0 0.7289927585139051 0.4924362159371296 0.005031015102355667 0.018167554536284183
0 0.9336884259425625 0.5075888572481155 0.004611763843825969 0.009223527687652009
