0 0.5599558878826172 0.4645917414115885 0.034999 0.057213
0 0.070805 0.550759 0.007471 0.015702
0 0.1716466476330569 0.4944184496049337 0.0050304954717778115 0.010806249531967254
0 0.18627234743063326 0.4926484604574563 0.005030495471777847 0.012110452061687411
0 0.15366728418762865 0.5133293862858764 0.005216810118880755 0.023289330887860445
0 0.26303391540589083 0.45379521895735003 0.01946988062225134 0.007087568923097118
0 0.24432628924695002 0.4629418903112414 0.015364651263362563 0.006671095652745951
0 0.3438789438188887 0.495158000276911 0.04154816630394298 0.006521012648600954
0 0.37947427951528284 0.4860074945448078 0.027947197065432562 0.004844180824675001
0 0.46024375700589815 0.49829852367666205 0.00568259673663789 0.017327262180568185
0 0.5081266213113392 0.4970874784704934 0.004751023501123584 0.01304202529720186
0 0.5898255940659536 0.477803912495345 0.01313518262075327 0.012483081355893261
0 0.8631828189076833 0.5125826784585392 0.006551808672026454 0.022353229586913628
