0 0.5890696981983409 0.5311291654709189 0.06754456807496101 0.08582427046970595
0 0.48820335610878884 0.4895026060209201 0.004587096528673626 0.013055582427763425
0 0.5747406963901134 0.44548412202460924 0.016584118219050908 0.06016153524145089
0 0.7566402449667722 0.5178711516489232 0.009926653314839485 0.043549188736069624
0 0.766193314554709 0.5126409794722874 0.00533691038432238 0.02497674059862817
0 0.8166804867903976 0.5087984039955754 0.014729872660729483 0.016864636814458222
0 0.7993888971451935 0.513494885133779 0.011527726430136056 0.022415023614153498
0 0.7907431023225914 0.45969882845981075 0.01622420756833961 0.1142098822244963
0 0.9650432369826893 0.5131746705107197 0.01120751180707657 0.01963983021430593
0 0.9743828301552534 0.5123207648492282 0.004269528307457761 0.01878592455281442
0 0.9842561143662495 0.5138150997568384 0.006297554253500266 0.02006678304505172
