0 0.219056 0.496451 0.012932999999999998 0.065017
0 0.24316600000000002 0.501045 0.035724 0.025076
0 0.5406335367911673 0.4563194601861953 0.005105517640574604 0.012101967740621262
0 0.558713909266347 0.46309851527772034 0.028174893646134565 0.023583960223735295
0 0.5861737758366388 0.4686509986608616 0.01966569757850952 0.10211035281149144
0 0.6658724364508994 0.4226227602659068 0.06277895765447242 0.03716546544326964
0 0.8634673505403595 0.44992398826901253 0.07374636591941 0.030254919351552084
0 0.9696505340254731 0.4799561159295962 0.020611163808245438 0.038953208665124424
0 0.6203265230482464 0.43397878078293217 0.027229427416397597 0.030254919351553018
0 0.720709275735976 0.40677702974802726 0.03895320866512449 0.04462600604354073
0 0.4602333294436991 0.49527266885131993 0.011912874494673957 0.04462600604354073
0 0.3226679930171066 0.5236366557434009 0.04160051410838552 0.012858340724410056
