0 0.5851631370220126 0.49064734292472073 0.022122631158833242 0.033453734923113675
0 0.5909186182991073 0.5357918991919334 0.03543218161211513 0.02446079542765297
0 0.683635824497307 0.36852322457636477 0.01474842077255559 0.12374284745753908
0 0.7235644758571524 0.3552136741230829 0.012230397713826448 0.13093719905390752
0 0.7679895969647282 0.3498179104258065 0.012590115293644857 0.13381493969245495
0 0.9178045330114893 0.4681649941860691 0.014028985612918916 0.02661910090656363
0 0.9326428831789996 0.4708628760347073 0.009172798285369765 0.02697881848638204
0 0.9437041987584162 0.4678052766062507 0.008992939495460633 0.020144184469831856
0 0.9526971382538768 0.4683448529759783 0.007913786756005549 0.02841768880565567
0 0.9603411368250184 0.47122259361452573 0.005215904907367275 0.01978446689001345
0 0.9698736526902068 0.48561129680726284 0.0034173170082750916 0.016906726251466112
0 0.9778773688411667 0.4818342622191693 0.004676328537639449 0.02877740638547415
