0 0.10904399999999999 0.49157700000000004 0.031532 0.071598
0 0.1706571252702159 0.49307554778856 0.020836082737756986 0.009818210928344211
0 0.508571 0.495992 0.012848 0.020182
0 0.6971188326319969 0.4823378854235474 0.03062999999999995 0.015842999999999982
0 0.309275 0.512371 0.007074 0.017847
0 0.324658 0.510786 0.021348 0.031575
0 0.39567 0.51925 0.013181 0.023517
0 0.412982 0.509828 0.013501 0.026928
0 0.42695237538286807 0.5128867497447519 0.011873750765743787 0.02508749948950613
0 0.5451129999999986 0.5057405005104944 0.012780999999999971 0.034737998979009754
0 0.2111093457741742 0.512147668568755 0.0055312492342578425 0.006760415730759632
0 0.3009153229248327 0.5230565212252078 0.009372394535825777 0.009526040347888483
0 0.4355858771978048 0.5118403769446296 0.006145832482508737 0.016593747702773456
0 0.5200981781271264 0.5257982680291193 0.010447915220264852 0.008911457099637582
