0 0.5281679675105753 0.4460423630272359 0.010553697589714162 0.016053511826607404
0 0.5242289113679353 0.4909327386905272 0.009810479449593288 0.051133408040305424
0 0.5164251208966679 0.4891490151542375 0.005797101492941579 0.0202155334112836
0 0.5347082871436375 0.4785953175645233 0.008175399541327906 0.03478260895764961
0 0.5589371985115729 0.4869193607338753 0.015013006430438623 0.011594202985883158
0 0.5795986628069287 0.4609067258296502 0.009364548565521033 0.006540319633062381
0 0.6639493352114272 0.45865511944086523 0.017539948106848967 0.008324043169351949
0 0.6645724011829897 0.4709762487320111 0.017566585817131393 0.009800787991365413
0 0.646302494648976 0.47324414695565414 0.005945745120965853 0.01635079908265567
0 0.6347082916630927 0.46298773662198817 0.004162021584675983 0.010702341217738364
0 0.6404310713420223 0.4619472312258192 0.00520252698084505 0.00981047944959343
0 0.6360460843153101 0.4845410626854891 0.007134894145158839 0.021701969691524853
0 0.6994425916676072 0.4510962463800567 0.01382385740624528 0.007729468657255509
