0 0.798105 0.41971900000000006 0.018841 0.088632
0 0.7631597241599439 0.4751238226714237 0.006174937634753092 0.011467741321684244
0 0.833774546683084 0.47521203606620604 0.024787963933794403 0.02046550758946715
0 0.807222314853646 0.481210546911395 0.004498883133891514 0.0063513644243168655
0 0.812471011843186 0.4884440452835339 0.0044106697391092095 0.02011265401033846
0 0.7919172908589367 0.4804166263583551 0.007057071582574963 0.0072334983721392375
0 0.848021009940407 0.4891497524417914 0.0031756822121586483 0.016231264639922215
0 0.8535784538116847 0.48332766838616714 0.0028228286330298146 0.004587096528673697
0 0.8566659226290614 0.48897332565222695 0.002822828633029957 0.015172703902536
0 0.8635906741194629 0.4835923085705137 0.005381017081713395 0.004057816159980589
0 0.8681336639507455 0.4998235732104358 0.013937716375585439 0.016760545008615325
0 0.9457614513590685 0.47441811551316604 0.011820594900813415 0.017819105746001537
0 0.950039801006005 0.49964714642087144 0.008733126083436531 0.007939205530396691
0 0.9560383118511936 0.49532469007654434 0.007850992135614519 0.007057071582574821
0 0.9818848365223742 0.48765012473049424 0.003263895606940821 0.009703473426040362
0 0.5117529324564 0.49351910705832064 0.003669829712579542 0.006353735024764546
0 0.4950196044385931 0.49696984245970144 0.0023004902675872073 0.004272339068376141
0 0.0666056057035145 0.48419272065476165 0.004696481138203605 0.00821884199185618
0 0.08237080493600925 0.4832546641047549 0.026769942487760417 0.012662085603713166
0 0.07453091762423306 0.5069706541750489 0.006457661565029928 0.02747441465849107
0 0.09276899295347545 0.5027551625800338 0.004182709577431218 0.01205018711593283
0 0.018299354401261573 0.48806588489738845 0.0015436190107186642 0.007369535922140713
