0 0.45159718476971167 0.5190371862937084 0.009092387483562092 0.024151654253211988
0 0.4280138047342224 0.49758483457467906 0.010797210136730087 0.011365484354452704
0 0.45067373916591236 0.4997158628911389 0.010086867364576691 0.011081347245591431
0 0.39349114600757235 0.4958800119215111 0.0184689120759856 0.01477512966078855
0 0.3285658166327614 0.49048140685314606 0.006535153503810278 0.0215944202734601
0 0.33730303273024687 0.5103710044734383 0.00866618182027011 0.028413710886131652
0 0.24645019217184078 0.5008524113265841 0.012217895681036595 0.05767983309884727
0 0.558400453189703 0.5022730968708907 0.010371004473438035 0.007671701939255655
0 0.6007368824100392 0.4955958748126498 0.006393084949379712 0.006251016394949005
0 0.6341940269784593 0.49147588673416065 0.012217895681036666 0.007103427721532896
0 0.6445650314518975 0.508808250374701 0.0059668792860878735 0.04972399405073048
0 0.7025290016596063 0.49190209239745264 0.06336257527607358 0.020457871838014795
0 0.9125063251081192 0.4852248703392117 0.009092387483562305 0.030402670648160993
0 0.9320407513423349 0.4931807093873285 0.004119988078489029 0.01335444411648183
