0 0.631392 0.476626 0.020904 0.072607
0 0.7881129999999998 0.469529 0.01764 0.027310999999999995
0 0.47167857493848514 0.5281295737772715 0.027817022957522922 0.009689075412170945
0 0.5152794142932543 0.5089076983628025 0.021566006562573962 0.015002439347877611
0 0.550597656924716 0.5043757114764645 0.03969395410792586 0.016565193446614827
0 0.6042782602163403 0.4924987803260615 0.017971672135478373 0.012814583609645354
0 0.353378089664077 0.5123457573800256 0.025941718039037494 0.05313363935706603
0 0.29191831293755655 0.49923267896028234 0.015314990167624205 0.021253455742826693
0 0.3229043847386997 0.5337554885327246 0.0006251016394948295 0.0015627540987372156
0 0.21736034877790203 0.49988406434618826 0.007344944264065073 0.04125670820666337
0 0.09904026997799413 0.4464760659374322 0.02984860328588139 0.011251829510908246
0 0.12652302128999104 0.4584888751669299 0.023979000532079797 0.008592930142469257
0 0.1602806403993489 0.4739358955190901 0.021878557382321483 0.008231642154323477
0 0.6196320001493171 0.49234250491618775 0.012502032789897867 0.008751422952928465
0 0.6162720788370322 0.5028129573777274 0.02015952787371049 0.007188668854191321
0 0.6451048919587342 0.4843724590126278 0.003750609836969403 0.03219273443398727
0 0.7056616132848024 0.4806218491756584 0.010783003281287052 0.027191921318028067
0 0.7727819018255669 0.4701513967141189 0.012814583609645354 0.021253455742826544
0 0.746136944442097 0.4693700196647502 0.0032817836073483877 0.012189481970150453
