0 0.069351 0.469379 0.036188 0.058796
0 0.9714275430623683 0.44166748463509636 0.046315000000000016 0.06377588320236662
0 0.04390189553693078 0.4671348938438618 0.014225195201910536 0.01373467122943083
0 0.1109401717758195 0.46697138585303527 0.0158602751101761 0.010791527394552816
0 0.11690821344098888 0.4823411369907318 0.00654031963306231 0.011445559357859096
0 0.15500557530357686 0.4723671495503116 0.00850241552298101 0.00588628766975603
0 0.21305091204700488 0.4810330730641192 0.006867335614715451 0.025834262550596135
0 0.2293199571342474 0.4906800445228862 0.006376811642235794 0.014388703192737112
0 0.30674973346649903 0.49406115065806583 0.008992939495460617 0.022456748707389368
0 0.5175949616345714 0.5143850496931529 0.0067038276238887565 0.013407655247777867
0 0.5362244559156959 0.5239485999580247 0.01346086222843152 0.014168101172387947
0 0.6107023457371936 0.4967298401834687 0.0035971757981842958 0.017985878990921408
0 0.6539502093108182 0.5171683390367885 0.006376811642235794 0.00850241552298101
0 0.7672078185600083 0.5075271273064106 0.0067120718985146125 0.04355314879588609
0 0.7582683074581621 0.5053957636972765 0.006376811642235651 0.008502415522980939
0 0.7212337475359466 0.522891118715718 0.010791527394552816 0.006213303651409135
0 0.8069119347290632 0.49100706050453924 0.008175399541327835 0.008502415522980939
0 0.7975919792519491 0.49869193607338747 0.0071943515963685915 0.009483463467940325
0 0.7778520752769783 0.5060932492062942 0.007357859587194881 0.025052533833723814
0 0.8231364707073481 0.4949312522843767 0.008576905295896838 0.0412040136882926
0 0.8705834252607795 0.4882274246604878 0.012590115293644857 0.011445559357859025
0 0.8870977323342619 0.49336682308841406 0.008011891550501396 0.04396144296612336
0 0.8955188797429393 0.4899718338167107 0.006541291395277298 0.00795674104541365
0 0.9093348190866739 0.4896989965779268 0.008992939495460633 0.01635079908265588
0 0.22627455092220256 0.48002266284657724 0.011757123120553744 0.006718356068887843
0 0.7795191761307072 0.5151740615641512 0.0005998532204365859 0.0007198238645237609
