0 0.19344696556088933 0.5308819023501126 0.009615834575877393 0.05040023639770233
0 0.22693659632515203 0.49208698354398644 0.03780017729827669 0.016579025130823054
0 0.17264028902170636 0.49457383731361 0.030671196492022722 0.01558428362297377
0 0.1973430364666328 0.4924185640466029 0.01575007387428194 0.013263220104658587
0 0.17346924027824748 0.525410824056941 0.027355391465858112 0.021552732670070043
0 0.3188975483913824 0.49140230487759673 0.014092171361199668 0.010610576083726784
0 0.3483253179985934 0.47863645552686296 0.014921122617740892 0.01492112261774082
0 0.3698780506686634 0.495215480657686 0.015584283622973628 0.01691060563343946
0 0.4203611821920198 0.4859312265844251 0.007128980806254006 0.01624744462820665
0 0.5171826889560268 0.45608898134894355 0.0061342392984047225 0.01359480060727492
0 0.5450354511758095 0.46404691341173865 0.003813175780089324 0.051394977905551545
0 0.5299485383067605 0.46736271843790334 0.0031500147748564442 0.026858020711933436
0 0.5234827185057395 0.471507474720609 0.004144756282705728 0.017242186136056076
