0 0.1314208610501045 0.5320338237671335 0.056594532648744415 0.052416412788770114
0 0.24907291801620235 0.479997240056543 0.03627367696614158 0.06684991775959069
0 0.537648060163072 0.500887839356415 0.01443350497082065 0.01975111206533363
0 0.6123794312948871 0.4830358726819789 0.03323504434070557 0.026588035472564612
0 0.6751371836641193 0.4808038559679057 0.006861765277879783 0.01248717645163694
0 0.689973432913589 0.48766562124578544 0.009705379717361353 0.008407207908032888
0 0.6992769975471106 0.49044741798006103 0.0029672498498939603 0.010756280705865463
0 0.7944765886678369 0.5213295862421752 0.01432725719385772 0.09312717176007468
0 0.8451592609911083 0.4550660217205835 0.05647327210578894 0.10052958797690117
0 0.8488604690995216 0.5214489800521239 0.00919332336605862 0.027938151528022388
0 0.9055725288252081 0.4894514389858419 0.02137149198083762 0.023639974369865157
