0 0.609151 0.505955 0.010079 0.060815
0 0.3952107200020874 0.4915207520033374 0.02346899999999768 0.06505236798831845
0 0.07393857286014932 0.5054085693679805 0.005277551982477453 0.004020991986649562
0 0.10327412516510286 0.5014144707337057 0.011057727963286159 0.003769679987484013
0 0.128791497408298 0.4986475860134085 0.03625100539122003 0.0037696799874840786
0 0.09194459842002481 0.5020624793532972 0.004493695711335479 0.003769679987484065
0 0.0829178532326898 0.5049328387220239 0.011057727963286159 0.003769679987484013
0 0.15870352747307204 0.49357676636122483 0.019099711936585103 0.005528863981643042
0 0.23294152440676721 0.486923429038023 0.040712543864826437 0.004020991986649603
0 0.3534703268264067 0.46919950244216224 0.0072880479758022434 0.019099711936584995
0 0.26833838710906205 0.49985956634036477 0.007413703975384997 0.02513119991655927
0 0.4258481825860976 0.4821420703991904 0.003267055989152752 0.024377263919062527
0 0.4365917705504267 0.4867913423837539 0.003141399989569891 0.02312070392323463
0 0.5903318860399783 0.5016187503345239 0.004523615984980722 0.041215167863157307
