0 0.240376 0.43541500000000005 0.006921 0.011106
0 0.6412375440655839 0.4878690595270867 0.02940267814067074 0.07160663766353603
0 0.42505999999999994 0.502927 0.032379 0.041282
0 0.292989495307912 0.4555120238237083 0.01170067252160365 0.017458146302075334
0 0.3184960614843018 0.42291400720310085 0.01745814630207528 0.028415918981037375
0 0.3144832502830768 0.45521001322521815 0.007800448347735797 0.026001494492452582
0 0.4088987203483351 0.44969643748908134 0.041602391187923776 0.006955939984318099
0 0.4794820189835174 0.463464648954899 0.0680922044384051 0.02685450754054699
0 0.5515213577944033 0.4841594328726395 0.04235828785373082 0.013319743443586418
0 0.617592063277651 0.5042028381087892 0.007814923616799118 0.010416112533184647
