0 0.889052 0.561035 0.028129 0.087172
0 0.9344367485641382 0.521606699932901 0.0022335631558850367 0.0071067918596339295
0 0.9374825165039813 0.5221143279228749 0.003248819135832548 0.007309843055623517
0 0.9406805728408166 0.5208960207469377 0.0025381399498692757 0.007309843055623446
0 0.8652470535307022 0.547292676225578 0.006599163869660174 0.01096476458343517
0 0.9765475868632081 0.521606699932901 0.0026396655478639276 0.009543406211508412
0 0.9880199794366171 0.5118602425254032 0.0030457679398431027 0.007918996643592066
0 0.41394348557518745 0.4116544773045646 0.011675443769398584 0.006497638271665309
0 0.437198523039595 0.41611630005403966 0.018579184433043003 0.007819344228205233
0 0.4473087595698044 0.4425231127828066 0.005055030158230573 0.0036899921529939044
