0 0.12656455786665397 0.4740504740453184 0.018370350529184468 0.03864930890555684
0 0.09578825633074754 0.4862178490711419 0.016461742681996457 0.008588735312346074
0 0.1244173740385675 0.48430924122395397 0.02791338976512444 0.009543039235939972
0 0.05988257120552337 0.48550212112844643 0.011928799044924974 0.015746014739300877
0 0.036382837087021176 0.4955223123261834 0.006918703446056487 0.006202975503360975
0 0.1891907528525101 0.5076896873520069 0.018131774548285975 0.02004038239547384
0 0.3091944712444553 0.4838320892621569 0.006680127465157959 0.016223166701097896
0 0.4042088053348208 0.4729979765576581 0.016313359856562286 0.03172042194331553
0 0.5336019430940229 0.49155988125859806 0.011773445944403278 0.018862832749635457
0 0.5259745224687508 0.49048381361851817 0.005000549621547706 0.0106340802078482
