0 0.7333230000000001 0.479687 0.025628 0.04580900000000001
0 0.19825343887720145 0.47416573744940377 0.02534373857811648 0.009483463467940396
0 0.24297287436826495 0.4862653287705691 0.00555927168810296 0.008175399541327835
0 0.33241174535039214 0.4692604977246071 0.01602378310100278 0.027796358440514837
0 0.49242452253683167 0.48365954231475583 0.005248873416329616 0.011167815779424757
0 0.5203440619853936 0.48209604810563633 0.008152505518980035 0.017421792615902588
0 0.48555631583248554 0.4717099794307714 0.004913838942946924 0.004243769996181399
0 0.4480882938925154 0.4740552207444506 0.004132091838387169 0.00580726420530091
0 0.5379333718379875 0.4784106688984261 0.022335631558849513 0.023005700505614967
0 0.6091840365107175 0.49806602467021366 0.006477333152066365 0.033726803653862734
0 0.679262080526608 0.48164933547445926 0.014183126039869336 0.020548781034141542
0 0.8200882375051539 0.5298942996415743 0.016193332880166052 0.048691676798291894
0 0.8444340759042999 0.5083404151872846 0.003908735522798707 0.00871089630795133
