0 0.17313297488812662 0.49764797994258264 0.031238795456700382 0.017321485061995084
0 0.020579005018557094 0.5249351722136911 0.012051792994293107 0.030015786325409265
0 0.5904923716262157 0.4770846577246439 0.032034461429951686 0.07550980194203072
0 0.6483883185179746 0.4799999730345795 0.014273922043073097 0.010162117740733542
0 0.6898816478542211 0.5009045885808979 0.0050436352836108235 0.006189916029885728
0 0.7440540558734723 0.5203632915779587 0.005616775656748132 0.008711733671691065
0 0.778324626720815 0.5227040203014607 0.007565452925415883 0.009170245970201022
0 0.7869790463551923 0.512960633958122 0.005846031806003111 0.015818674298596846
0 0.8036314047175582 0.5122440692483096 0.018684376164284658 0.032554373194213844
0 0.8724342759900037 0.5291231924806014 0.013067600507536525 0.02292561492550263
0 0.8904881977438367 0.5210992272566755 0.013182228582164016 0.02613520101507305
0 0.9037850544006284 0.5267160029134236 0.012494460134398793 0.02498892026879787
0 0.9131845565200846 0.5252258379432658 0.005846031806003111 0.015589418149341793
0 0.9855568625969333 0.5144507989282796 0.013526112806046627 0.02063305343295241
0 0.8539065188872343 0.5368032734806447 0.005616775656748132 0.0061899160298857225
