0 0.0687178937075275 0.49762823698269915 0.017525368865007013 0.05811043360502317
0 0.2725105859751343 0.47895808375513044 0.005145589971534399 0.03087353982920611
0 0.26018825209593355 0.4778748016558599 0.004333128397081545 0.031956821928476487
0 0.24908461057841208 0.4762498785069543 0.004874769446716733 0.027623693531394836
0 0.19994701803467904 0.4916607644957221 0.004476425776895816 0.014424038614442055
0 0.12390995240768513 0.49439635802604726 0.026734209500905486 0.009947612837546273
0 0.1281376878636423 0.48569219679319436 0.010818028960831488 0.00795809027003699
0 0.10675032026291788 0.492406835458538 0.004352080616426459 0.006963328986282349
0 0.37689018138253255 0.50869605148002 0.00348166449314121 0.006714638665343742
0 0.4168671504734214 0.5026031386170229 0.0055955322211198675 0.010444993479423488
0 0.3394001155010302 0.5103125385661211 0.0031086290117331573 0.00696332898628242
0 0.343876541277926 0.5093177772823665 0.002362558048917265 0.005968567702527707
0 0.5093799498626013 0.49874843864247365 0.002859938690794479 0.012683206367871378
0 0.5823705590580966 0.489422551607274 0.002859938690794479 0.008455470911914276
0 0.6725208003983593 0.469278635611243 0.007585054788628867 0.006963328986282349
0 0.6956490002456541 0.46554828079716315 0.01653790634242057 0.00795809027003692
0 0.7090782775763416 0.4625639969458993 0.006341603183935689 0.008952851553791632
0 0.8192480897521659 0.4465234712453561 0.007833745109567757 0.01715963214476723
0 0.816077288160198 0.4825835677814611 0.008704161232852954 0.040536522313000846
0 0.8467905427961222 0.48171315165817574 0.05123020611336315 0.020889986958847046
0 0.9379517649258053 0.5055874224682867 0.021387367600724475 0.030340219154515964
