0 0.427309 0.487628 0.005507 0.013612000000000003
0 0.5209389630808005 0.4748514546692605 0.002454383950863033 0.014112707717462598
0 0.5255409329886686 0.47163007573375276 0.002761181944720974 0.021782657563909565
0 0.5375827542475905 0.4690222927859608 0.006289358874086446 0.04356531512781906
0 0.3466777025695238 0.4932593343007335 0.013805909723604586 0.012885515742030975
0 0.387635234749551 0.4957137182515966 0.015033101699036138 0.019021475619188735
0 0.2087720043304062 0.5270071136251003 0.034668173305940575 0.02761181944720924
0 0.20693121636725892 0.49448652627616496 0.038349749232235164 0.018407879631472855
0 0.26422574172021823 0.49218554132223086 0.03911674421687987 0.01626029367446776
0 0.27596076498528227 0.525319724658882 0.011965121760457364 0.03221378935507751
