1 0.37005292703143106 0.4275099732787341 0.05257974423601959 0.032118890066839385
1 0.33049903929288765 0.4398330396555351 0.006131788103669305 0.027447051511662685
1 0.41173494515257025 0.35932963369310145 0.00962401319392356 0.01898069268801585
1 0.5464139981525785 0.38160744616480374 0.008822012094429881 0.010158680593585908
1 0.5760314363295109 0.38666529819842077 0.0022723364485652507 0.025396701483964938
0 0.6550726537749099 0.3555825740377424 0.05065973611801407 0.0379613853760317
1 0.7036699074588222 0.413532286294681 0.008421011544683076 0.036892050576706886
1 0.7746912003959594 0.5027975535872291 0.018847025838100186 0.015238020890379029
0 0.7381885071396392 0.4692711806832157 0.00962401319392353 0.06175408466100944
0 0.7797484011647815 0.4749575433577446 0.027669037932530113 0.021315029832023956
0 0.8309627823280895 0.4945795001326722 0.005480340846539762 0.018446025288353495
0 0.8406311864217315 0.5254046235038957 0.0045446728971305 0.011228015392910884
1 0.8849729201891968 0.5902204482148022 0.03515438152780403 0.010158680593585967
0 0.890702493424515 0.5782318342908271 0.008020010994936213 0.014436019790885402
1 0.9893066520067516 0.6274920675858688 0.021386695986496704 0.018499491212482084
