0 0.763797 0.334927 0.01931 0.196241
0 0.4595995244343125 0.47910754223082835 0.011495047045688907 0.018459199635412774
0 0.4384133975800319 0.48573607300899924 0.004698705361741417 0.01057208706391819
0 0.4209499189504854 0.46849850655097924 0.013684743785571264 0.011243330687024213
0 0.3941727120024791 0.4710132194416153 0.01954997052296013 0.0322196939090848
0 0.3183446944969606 0.491525549258288 0.008726167100376958 0.007719301665718052
0 0.33038512698642336 0.4914416438054001 0.009313505270594647 0.006880247136835027
0 0.3605910900261893 0.4995804727355589 0.005453854437735614 0.037925264705484525
0 0.3025704693539716 0.4796109749481579 0.01829138872963635 0.009733032535035538
0 0.285118135153218 0.4915255492582877 0.009565221629259046 0.008390545288824325
0 0.26972148454822564 0.492448509240058 0.011998479763018013 0.007887112571494935
0 0.15309290503357156 0.48481311302722857 0.011662857951465372 0.010404276158141742
0 0.12547914002123423 0.46688452487254184 0.018878726899854075 0.008870327117757645
0 0.1412487046347505 0.4675968001298967 0.011914574310130044 0.006368776611459309
0 0.10547882416587902 0.4715189373403071 0.018375294182524534 0.008754890100633506
0 0.0718304739113111 0.5000839054528883 0.01191457431013009 0.005705570796400323
0 0.042379659947538825 0.48632341117921696 0.015606414237212646 0.02181541775094253
0 0.021571107631255294 0.5006712436231059 0.004530894455964964 0.009229599817706387
