0 0.612826 0.8494699999999998 0.7743480000000001 0.298726
0 0.08812873627076832 0.5227124122793664 0.005394882807351032 0.01936245610309534
0 0.09640581674232057 0.5190911895730622 0.0024387826389395072 0.01093757062312264
0 0.04297430619828242 0.5088926439920425 0.0016997575968366173 0.0062078103536641295
0 0.2404417974481717 0.4835440850479138 0.00894220300944486 0.012563425715748906
0 0.38617753575085934 0.4980289758731302 0.002438782638939298 0.011380985648384363
0 0.3914246135497899 0.4882738453173722 0.00761195793365971 0.011380985648384296
0 0.5612895194771368 0.5012067835541727 0.021579531229404054 0.008277080471552267
0 0.6513027696052671 0.48524384264475046 0.008424885479972914 0.005616590319981967
0 0.9416657086474883 0.5323197378267043 0.014189280808375013 0.04389808750091166
0 0.9875104767884614 0.49514677820892905 0.0017736601010467723 0.013893670791534021
0 0.9918707245368682 0.49507287570471875 0.0016258550926265514 0.013154645749431211
0 0.983556692813211 0.49241238555314837 0.001995367613677956 0.009311715530496301
0 0.39776430402861207 0.49522518032357626 0.003939003474408338 0.029974855707692854
0 0.33207720754371833 0.5065942761111026 0.004131149985355123 0.006725127883136181
0 0.35902575570399975 0.5054413970454221 0.001729318598520706 0.00710942090502968
