0 0.20236 0.4925359999999999 0.00925 0.033236
0 0.58362 0.517297 0.008046 0.022497
0 0.632723 0.55364 0.025918 0.023977
0 0.44274469069544714 0.4844414077234639 0.030659578897880096 0.0315747902082645
0 0.41071229483199034 0.4938223236549048 0.007779296138267924 0.03203239586345681
0 0.31358549451743756 0.44966337792885364 0.0025168311035573153 0.04713338248480071
0 0.303060564448016 0.44577372985971964 0.004347253724326237 0.042099720277686006
0 0.2944804584131615 0.44554492703212356 0.0068640848278835875 0.041642114622493835
0 0.29951412062027616 0.4933647179997125 0.006406479172691384 0.022880282759612028
0 0.20078570051255046 0.4544682373083722 0.02448190255278483 0.041184508967301595
0 0.2428854207902365 0.4830685907578872 0.005720070689903025 0.02699873365634211
0 0.27846426048143313 0.49336471799971265 0.005491267862306835 0.020134648828458595
0 0.5800151679561637 0.505720070689903 0.0073216904830758975 0.042099720277686076
0 0.5889384782324123 0.49633915475846224 0.007321690483075755 0.018761831862881807
0 0.5992346054742377 0.5043472537243263 0.009609718759037093 0.06406479172691348
0 0.609301929888467 0.48970387275817473 0.004576056551922392 0.04484535420883951
0 0.6273773532685606 0.49931359151721166 0.01098253572461374 0.05216704469191533
0 0.6548892162130193 0.4853306258002417 0.020592254483650974 0.04806196850426475
0 0.6808028135122544 0.5048048593795186 0.0066352820002873614 0.03477802979461018
0 0.6929293633748489 0.5029744367587496 0.017160212069708934 0.01738901489730516
0 0.6936157718576371 0.5032032395863457 0.00297443675874959 0.040726903312109354
0 0.7003654552717227 0.5027456339311535 0.002288028275961267 0.037066058070571305
0 0.7070007372720102 0.5112113385522099 0.002745633931153293 0.024710705380380987
0 0.8036699319313709 0.49336471799971254 0.013041761172978995 0.04576056551922392
0 0.5642277728520314 0.49702556324125047 0.013728169655767175 0.019219437518074044
0 0.5627405544726567 0.5212786629664393 0.0066352820002874326 0.01647380358692068
0 0.8440536310020861 0.4778061257231764 0.0141857753109592 0.020134648828458595
0 0.9227618036951512 0.4890174642753863 0.005033662207114844 0.01601619793172837
0 0.8934750417628479 0.4935935208273087 0.01281295834538284 0.01693140924211285
