0 0.41584199999999993 0.45816900000000005 0.009538 0.024038
0 0.417384 0.519099 0.033056 0.08466100000000001
0 0.588251 0.553854 0.022522 0.092469
0 0.4127172195892575 0.40047393364928907 0.03080568720379155 0.09952606635071085
0 0.485083993373216 0.4585535525258361 0.05834472103701059 0.034245695386037354
0 0.5430747305963456 0.4919919010341357 0.005262465034710786 0.019219437518073975
0 0.5545148719761517 0.49565274627567374 0.012584155517786612 0.024710705380380844
0 0.5763655420115811 0.49450873213769314 0.011897747034998218 0.0160161979317283
0 0.564582196390381 0.5064064791726913 0.006635282000287504 0.012355352690190457
0 0.71971051350055 0.5334052128290335 0.018075423380093554 0.02791394496672659
0 0.6804708285678157 0.5642935945545097 0.015558592276536132 0.017389014897305016
0 0.6677722716362311 0.5231090855872083 0.010296127241825416 0.01006732441422919
0 0.6802420257402195 0.5338628184842258 0.010524930069421573 0.013270564000575007
0 0.22756165403549955 0.4309015460659718 0.014643380966151653 0.020592254483650832
0 0.13295168482450395 0.45446823730837216 0.021736268621631413 0.031117184553072264
