0 0.111688 0.45801 0.021941 0.046386
0 0.19862315369178066 0.448948205172835 0.03927241533679989 0.010447375832609912
0 0.10031460205101583 0.4934830804164285 0.019007424332731906 0.009769178986655547
0 0.20473743666482733 0.49224402537277584 0.0062204059665480925 0.0050265906800387936
0 0.28082933805542043 0.47746328222019 0.014262951054610227 0.010932834729084533
0 0.3705539816941139 0.49348554001281386 0.0049637582965383585 0.004523931612034957
0 0.4449475237586888 0.48569432445875377 0.010116013743578093 0.016336419710126365
0 0.4057486653292355 0.4947109366577871 0.008859366073568466 0.015833760642122392
0 0.47231102677315023 0.4890244407842794 0.006660232651051459 0.010681505195082508
0 0.5236335291958131 0.46380885834164004 0.019657409339197723 0.030411326671921226
0 0.9987177064591739 0.4956491959951599 0.002564587081652263 0.005984035219439363
