0 0.887868 0.431735 0.04249800000000001 0.093201
0 0.14068957497662005 0.50764790441549 0.0031866268397875075 0.00541726562763877
0 0.16506727030099472 0.5073292417315112 0.002230638787851262 0.007329241731511402
0 0.17247617770350077 0.5106751999132881 0.0039832835497344374 0.005098602943660069
0 0.18370903731375188 0.5095598805193624 0.0022306387878512977 0.0041426148917238234
0 0.0665428140315599 0.49723271658860907 0.0011446704028261934 0.0027799138354350815
0 0.08931357883063801 0.49886796002121797 0.000735859544673989 0.00310696252195676
0 0.09148027637884469 0.4989497221928484 0.001308194746087068 0.004578681611304702
0 0.09385137935612754 0.5009937764836094 0.0008176217163044264 0.004088108581522008
0 0.09683569862063866 0.5009937764836094 0.0017170056042392723 0.006704498073696286
0 0.5322069982269976 0.49280038926452285 0.006628459254079857 0.005144475838987432
0 0.5391322541640959 0.49220679589848587 0.005639136977351669 0.04827892710434334
0 0.5789030096885754 0.49596622055005357 0.0028690346025122436 0.03759424651567713
0 0.5670311423678354 0.49339398263055984 0.0016818478704382046 0.02057790335594973
0 0.5578799113080981 0.4941854404519425 0.00197864455345659 0.015433427516962155
0 0.5476898918577962 0.4922067958984858 0.00217650900880237 0.01741207207041896
0 0.5245892166961892 0.49735127173747307 0.00524340806666018 0.00435301801760474
