0 0.572903 0.478 0.016802 0.098632
0 0.19044566232860785 0.5070448979563944 0.006181808661962933 0.004342345506188082
0 0.212207452160964 0.505302077272165 0.011794279283987392 0.006203350723125689
0 0.22806026624032272 0.5070627623093324 0.01116603130162633 0.006494228772891391
0 0.2533924637182013 0.5030148284029352 0.0267952250117456 0.009305026084689036
0 0.2371220709429083 0.5183110452033979 0.001833604236061106 0.02420357591600684
0 0.21956531038262297 0.5151022377902909 0.001558563600651901 0.02108644871470304
0 0.4556984036289009 0.47835093886416596 0.014121060925879335 0.015297816003036075
0 0.41686548608273244 0.48217539286492495 0.02588861169744554 0.012355928310144577
0 0.3858285709227266 0.48805916825070805 0.014415249695168554 0.012355928310144435
0 0.5139477799481535 0.4927661885593345 0.004707020308626468 0.02176996892739737
