0 0.317328 0.564715 0.018505 0.054879
0 0.413559 0.5765499999999999 0.012665 0.04441599999999999
0 0.4720079999999999 0.580907 0.008093 0.027700999999999996
0 0.3178349999999999 0.578567 0.02653 0.102739
0 0.3685234187688862 0.5703479461755305 0.018466335871076753 0.06900798529599662
0 0.39867253855839935 0.5793926821123844 0.013943967902649845 0.057618317819958305
0 0.4135586664544715 0.618251547618868 0.01356710390528093 0.038858865506483514
0 0.4521872261847852 0.5817376136515688 0.00866787193948511 0.036848924187182774
0 0.46255098611243034 0.5800626625521513 0.009044735936853954 0.03349902198834784
0 0.4927001059019434 0.5814026234316853 0.0075372799473781525 0.020099413193008644
0 0.43598207429792185 0.5817376136515688 0.014697695897387533 0.036848924187182774
0 0.631951352929757 0.5747028190340158 0.03730953573952242 0.020099413193008786
0 0.24887175830846203 0.44488242839697345 0.09233167935538361 0.06967796573576353
0 0.7865065454905101 0.6015020366246941 0.017712607876339204 0.021439374072542705
0 0.8153366412892322 0.5961421931065584 0.015828287889494277 0.009379726156737576
0 0.8353104331497846 0.5948022322270246 0.016582015884232106 0.01339960879533919
0 0.8567916809998127 0.5914523300281898 0.01658201588423225 0.012059647915805272
