0 0.6876130059403854 0.4410846478394022 0.02626557986526521 0.009740877301025606
0 0.6676094186257794 0.45604385226597705 0.022438806639862464 0.00834932340087903
0 0.6118602905011601 0.45604385226597705 0.01739442375183131 0.00834932340087903
0 0.5962922812432709 0.45882696006627005 0.012697929338836787 0.004174661700439515
0 0.5849859058045807 0.45917484854130675 0.011654263913726908 0.006261992550659273
0 0.5616773779771268 0.4628276775291913 0.004696494412994526 0.037224066828918934
0 0.48304314758835515 0.4693015528244084 0.005566215600585948 0.029222631903076533
0 0.4997417943901132 0.4686057758743351 0.0020873308502197575 0.01113243120117211
0 0.44958113475281636 0.46298904582907774 0.012589038770279296 0.004650727698574523
0 0.4575194458245211 0.48536064975842763 0.0055327622620973925 0.014754032698926167
0 0.6965276651860401 0.4762488627592911 0.005256530753985515 0.010262750519686179
0 0.9404183829868589 0.5053778853474763 0.016270214238526818 0.01451803732053186
