0 0.6162129823549838 0.48055668840523164 0.024902999999999852 0.043959462876789805
0 0.3710150342727495 0.4559511169778005 0.03250113812546374 0.008435175188274609
0 0.5793426124090825 0.49727975193517737 0.008582570522883042 0.014987067582031959
0 0.6521499873272373 0.5218503792710073 0.005235082651087317 0.013087706627703732
0 0.6609837212404654 0.5202133283625 0.005344146872981628 0.00479882576349133
0 0.6775958211009548 0.5043980525368498 0.006762173217811138 0.06863747676764219
0 0.6655157820726189 0.500897505684938 0.004689761541593619 0.05988688196902061
0 0.7236472001791229 0.5201960921240291 0.006543853313855512 0.05126018429183993
0 0.7405460711147106 0.514760117267623 0.026829798586795052 0.009161394639393207
0 0.7701028841485812 0.5125796506289536 0.02813938704884573 0.01221682845108623
0 0.8060479268253666 0.514482499046615 0.038935927217418086 0.021376303562925324
0 0.7543745847681897 0.4815822997666098 0.022935987736606666 0.013935790017178717
0 0.8454261353067014 0.5556064842070039 0.021484342943152237 0.024097303571371232
0 0.4813869737009584 0.47756260851247745 0.009759639257924278 0.026211602578425114
0 0.4894735319432385 0.4732404825553968 0.004182702539110394 0.009759639257924349
0 0.44504990547440565 0.4708792108811203 0.011153873437627658 0.007195616689178063
0 0.4449839409405245 0.476494970920793 0.01450003546891604 0.004893197882679023
0 0.35053809593578833 0.4579039065786587 0.0018125044336145635 0.0064134772266358905
0 0.35060780764477356 0.4634808432974725 0.0025096215234662366 0.0036250088672289847
0 0.3699179510336665 0.4662693116568794 0.00460097279302147 0.004740396210991804
0 0.8920941617172542 0.523191646155263 0.011293296855598076 0.004740396210991875
0 0.8649407965373814 0.533750245954527 0.010317332929805759 0.006971170898517371
