0 0.809405 0.438444 0.017395 0.030469
0 0.012502278040824816 0.534827989961991 0.013026325623374357 0.011978230458275334
0 0.03451227650790563 0.5444105743286112 0.01661979476085694 0.016170611118671588
0 0.060278858576958735 0.5461857889913658 0.0314428549529724 0.013185881104965064
0 0.1396600654133622 0.5521500347882471 0.0275499300540331 0.004192380660396327
0 0.11431723693616465 0.5520466962457616 0.014523604430658796 0.005090747944767032
0 0.23916018124490165 0.5525497684620823 0.006584959511446051 0.02725047429257597
0 0.5524955681271142 0.43348164658531657 0.05836640496257825 0.01287659774264585
0 0.5957672374184664 0.4267244600760566 0.011978230458275263 0.00838476132079272
0 0.6093924745647544 0.4276228273604272 0.011978230458275192 0.00838476132079272
0 0.8817467508001567 0.47087460169630174 0.01411340768027074 0.026516099278084154
0 0.9676061778363012 0.5331311642928259 0.0094705680277049 0.011793537543934392
0 0.9826670736096722 0.5324960891049182 0.013580437171803367 0.012865677320655777
1 0.9418422251701284 0.5181713696239696 0.015009956874098245 0.026151947567232457
1 0.9830244535352457 0.5614438630763937 0.010006637916065557 0.022157555385573745
