0 0.623177717813056 0.47757179337403377 0.005591926659861386 0.04722071401660657
0 0.6410408168653906 0.4809890818883935 0.006523914436504867 0.05032733993875183
0 0.5925774524799261 0.39928482013597555 0.009009215174220913 0.019882405901729072
0 0.5577832421519002 0.40674072234912395 0.004038613698788609 0.021125056270587094
0 0.5688117641755156 0.40208078346590626 0.0024853007377162585 0.03293023477473888
0 0.5525019780842535 0.40518740938805137 0.00403861369878868 0.021746381455016176
0 0.0043498279765026935 0.5636939950434645 0.005729041725149888 0.028857395356310534
0 0.0709764613726903 0.5668767960018812 0.004031547880661037 0.01485307113927746
0 0.07638722300199852 0.5636939950434646 0.0046681080723443725 0.006789975377955315
0 0.22506648248791222 0.5369000068046159 0.008487469222444305 0.035222997273143854
