0 0.306124 0.442746 0.023756 0.039517
0 0.722961 0.515775 0.011169 0.023090000000000003
0 0.15518749105029037 0.4572814338390651 0.006044053659298356 0.019591070481863683
0 0.16581668886491854 0.45790668076933727 0.005210391085602062 0.015839588900230198
0 0.19259809904491312 0.456656186908793 0.010837613458052254 0.00750296316326704
0 0.21448174160444167 0.45748984948248916 0.0070861318764187334 0.010837613458052217
0 0.20184934381138042 0.4522349802186271 0.0041088924948881455 0.005649727180471231
0 0.05902750732018873 0.4718388911982732 0.009497495519943158 0.019494859225146398
0 0.10564021559569924 0.46534060478989103 0.07622989825217535 0.016495650113585468
0 0.43126127683320853 0.46112840090250357 0.01124703416835381 0.023493804707227853
0 0.7855428531363513 0.5358586945988982 0.006498286408382228 0.009997363705203313
0 0.8137854056035506 0.5333593536725975 0.009497495519943016 0.016995518298845696
0 0.8315307261802866 0.5256113968010648 0.01449617737254485 0.007498022778902538
0 0.93150436323232 0.5078660762243292 0.019494859225146398 0.014996045557805005
