0 0.5989466666256059 0.5839577054253438 0.03285999999999998 0.08762000000000009
0 0.3507372443867895 0.5966465942996044 0.0112034593736265 0.014004324217033001
0 0.3712769199051047 0.6045823780225897 0.0037344864578755478 0.014004324217033001
0 0.39905216293555357 0.612284756341958 0.006068540494047667 0.011670270180861024
0 0.45810373005070965 0.6050491888298242 0.006535351301282191 0.02707502681959738
0 0.29537108240630444 0.5623070079420299 0.01213708098809532 0.023340540361721687
0 0.2676918912265636 0.5451237203175027 0.01400432421703306 0.02474097278342518
0 0.24051250514971934 0.5247555787976901 0.006535351301282072 0.033143567313644914
0 0.2110213336121458 0.4996759226153926 0.013070702602564193 0.017271999867674095
0 0.18683780495211122 0.4811093816519818 0.010269837759157553 0.014004324217033065
0 0.16630948088448833 0.46812656707667516 0.009803026951923127 0.017738810674908463
0 0.14803689833046269 0.45400849486785266 0.007702378319368206 0.013070702602564235
0 0.131676917031048 0.44427104025518077 0.007002162108516465 0.01307070260256422
0 0.11971057703799706 0.4344424183437355 0.0074689729157509585 0.007935783722985472
0 0.10818936335069199 0.43061610542547285 0.00560172968681323 0.007468972915750885
0 0.09969559947527115 0.42297275590525724 0.003967891861492695 0.008402594530219869
0 0.09213018595753222 0.42112356862534633 0.004434702668727135 0.00513491887957876
0 0.08472616151305003 0.41669102811072956 0.0028008648434066073 0.0032676756506410244
0 0.07900772912442819 0.41365675786370576 0.002567459439789399 0.010269837759157597
0 0.07375610754304081 0.4124897308456197 0.003267675650641051 0.005134918879578763
0 0.06932140487431365 0.41108929842391634 0.0028008648434066073 0.007002162108516501
0 0.09943070194093474 0.4211257307794567 0.001400432421703286 0.002800864843406572
0 0.32539719326467176 0.584810537875637 0.008402594530219817 0.014937945831501969
0 0.3648126458537113 0.5604687567389357 0.008402594530219859 0.004201297265109858
