0 0.10135899999999999 0.42818000000000006 0.011392 0.066295
0 0.8948139999999999 0.433228 0.01576 0.071001
0 0.356111 0.518847 0.019336 0.11115
0 0.7306905659099567 0.4817611275332706 0.014291131819916526 0.040708255066539245
0 0.35576500000000005 0.507096 0.016427 0.075528
0 0.531773 0.5520910000000001 0.020927 0.021054
0 0.0284416356655466 0.4727934877255707 0.004937878604931684 0.022542489283383774
0 0.08361706181630499 0.4950139414477634 0.0036497363601669087 0.020180895167981702
0 0.10257741108552512 0.49107356272117597 0.0035506484951849694 0.01354200821419404
0 0.5244493423436377 0.5099743751620288 0.006009766958961791 0.020227996105773798
0 0.5283825638086493 0.5209189914124959 0.001172637455407184 0.0004885989397529756
0 0.9527439717860448 0.49993401428369366 0.009706935108913229 0.030199353672174353
0 0.9606460853879991 0.47113044225797174 0.005600095540245747 0.02412927071703237
