0 0.14274139190284235 0.49959172868673746 0.01662057302978301 0.024442019161445644
0 0.12421434137846658 0.5086841598147952 0.0047906357556433575 0.02346433839498772
0 0.14044384210166647 0.5286288474505348 0.0206290641722601 0.013296458423826464
0 0.16209947107870726 0.5066310302052337 0.004692867678997547 0.019749151482448043
0 0.1712407862450879 0.5079020152016289 0.002639738069436106 0.015251819956742097
0 0.217485086498543 0.5106395213477108 0.006745997288558989 0.010558952277744496
0 0.2825008574679883 0.5159189974865831 0.013394226500472187 0.0070393015184963305
0 0.2840651466943208 0.49245465909159536 0.011243328814265041 0.02581077223448652
0 0.37788563074790843 0.45209779222528484 0.03265453759969133 0.06980640672508875
0 0.7206914804564497 0.49605704617335955 0.006702674915062517 0.024716113749293386
