0 0.22483761528104523 0.46606380175016754 0.014496518007235046 0.016388603500336194
0 0.5603932537316306 0.46748067139280713 0.013771999999999996 0.013946000000000009
0 0.008072946882396976 0.4900586523918399 0.002225387117141687 0.009469732413368846
0 0.02206447652314951 0.49209464486071414 0.005397747475620262 0.007291693958294019
0 0.04090924402575359 0.4751438238407839 0.0040719849377486165 0.016761426371662863
0 0.09623362695509523 0.4782934141388524 0.011126935585708445 0.005303050151486635
0 0.24091496213498031 0.4660267913610159 0.015046659374011782 0.0149086166274612
0 0.38417296365022763 0.47183010770983763 0.007454308313730635 0.02043032648948383
0 0.44416211896493274 0.49097224467279443 0.004649596379035899 0.031918850818246726
0 0.45968171768955257 0.49166340089129984 0.0035186134760271416 0.018472720749142725
0 0.47470997792729797 0.4934241294546446 0.002269501555683462 0.01894540429092295
0 0.5603096784224905 0.43847572689870645 0.01106862635517828 0.02308599211222912
0 0.6423756366844553 0.500697219338173 0.025457840616910234 0.026406580018782506
0 0.5998009560254303 0.4871776828614913 0.002609033355149182 0.002213725271035236
0 0.6166806112170772 0.485596450525037 0.00411120407478052 0.007589915214979348
0 0.905313549953766 0.47571129683551383 0.0044274505420715095 0.008222408149561043
0 0.9230443764050481 0.47816465854370294 0.00948739401872416 0.057240610579636454
0 0.923034603744986 0.44483561342928385 0.01905384965427132 0.007906161682270256
0 0.0556649517160945 0.48881687940475854 0.0025568277516095873 0.015340966509657505
0 0.06404566490192597 0.4878225575013548 0.0028409197240106556 0.016950821019930302
0 0.069822201674081 0.4863547489772826 0.0017992491585400838 0.01780309693713356
0 0.5799527896018801 0.5058772845321629 0.008972778525786889 0.019325984517079335
0 0.6002860148506673 0.4772477758987253 0.0020299693130925787 0.012083150673170237
0 0.6060859271737891 0.477586104117574 0.002416630134634019 0.011599824646243491
0 0.6111125178538279 0.4773927737068033 0.002126634518477957 0.01121316382470205
0 0.5874778751371068 0.4771994432960326 0.002126634518477957 0.013919789575492274
