0 0.48715604407199686 0.4789886815016817 0.009867973693465653 0.07623152854655363
0 0.564366 0.5170986974221035 0.008948999999999999 0.037826394844207044
0 0.497995 0.8952110000000001 0.991613 0.198475
0 0.47527110551961976 0.4917570351732065 0.010540184532621026 0.008648356539586502
0 0.47702780294172326 0.4778385863673095 0.011080706816345227 0.005675483979103646
0 0.5024999155622243 0.4805411977859302 0.01094557624541416 0.015945407369862677
0 0.3870308427016512 0.4962717821968784 0.012972534809379826 0.006105129896938384
0 0.34971170588179024 0.5031080031314147 0.004007718642142153 0.010810445674484184
0 0.3129792898314413 0.49905408600348283 0.004053917127931186 0.010810445674483304
0 0.12993280440282914 0.5037836559860691 0.026155272729096714 0.007837573114000367
0 0.10622951630695074 0.5089186176814485 0.0037836559860691035 0.006216006262827776
0 0.017904800648362737 0.5058106145500347 0.0025674808476897513 0.005945745120965711
0 0.9771629335126545 0.5059457451209657 0.003783655986068908 0.012702273667517758
0 0.9727036246719301 0.5027026114186207 0.0027026114186207905 0.009999662248896897
