0 0.556547 0.517626 0.015377999999999998 0.046557
0 0.54316 0.89778 0.913679 0.193125
0 0.03188018361423976 0.5070323934443178 0.0056259147554540735 0.006251016394948934
0 0.04922675411022317 0.49796841967164185 0.003750609836969385 0.010001626231918337
0 0.050398819684276105 0.5075012196739389 0.014221062298508915 0.010939278691160723
0 0.10728306887831175 0.4967182163926519 0.012033206560276781 0.010001626231918337
0 0.12431708855454772 0.5096890754121711 0.0114081049207819 0.007188668854191321
0 0.29997064925261385 0.49421780983467245 0.007970045903559929 0.008751422952928536
0 0.2962981771205813 0.5168777442663625 0.005313363935706619 0.012814583609645354
0 0.3023929181056566 0.5167214688564887 0.004375711476464268 0.01312713442939284
0 0.3521666361504378 0.49374898360505126 0.018284222955225714 0.009063973772676022
0 0.9054533770263969 0.4868728655706074 0.006876118034443977 0.012189481970150524
