0 0.6572219999999999 0.45584099999999994 0.028369999999999996 0.08280599999999999
0 0.04245500000000001 0.44588900000000004 0.007916 0.033713
0 0.146391 0.457019 0.017627 0.042694
0 0.897206 0.4732279999999999 0.014919 0.055424
0 0.05745 0.482719 0.009396 0.023178
0 0.01486134696683346 0.460770878515869 0.004562087906097709 0.022948684618552165
0 0.05778644681057102 0.45869720219491555 0.004976823170288407 0.006635764227051268
0 0.09041228759357285 0.4628445548368225 0.003870862465779901 0.011059607045085329
0 0.11280799185987071 0.46795962309517447 0.007741724931559731 0.013548018630229492
0 0.094836130411607 0.46975680924000085 0.004423842818034149 0.03151988007849333
0 0.05239488837609191 0.4614621039561868 0.002488411585144208 0.020460273033407857
0 0.34492149471859973 0.5499389603168696 0.0074652347554326325 0.015483449863119532
0 0.3957956871259924 0.5550540285752217 0.008571195459941165 0.011336097221212498
0 0.3974546281827553 0.5688785373815783 0.012165567749593932 0.011336097221212427
0 0.48081641628508615 0.5430267059136914 0.007465234755432561 0.008847685636068263
0 0.5052166743283056 0.5162071588293594 0.011197852133148913 0.011612587397339738
0 0.549170746046116 0.4681825474186669 0.024572256360266637 0.02664461533040956
