0 0.369021 0.387082 0.033886 0.205163
0 0.4735464548405599 0.46756359670147957 0.0068860000000000275 0.014012045339428654
0 0.067898 0.50846 0.010726 0.027569
0 0.088195 0.4986769999999999 0.036808 0.044112
0 0.92918239347511 0.5372041234214282 0.012473916104117673 0.02117218628908676
0 0.1561486841804638 0.4109755772235058 0.04776621484418481 0.01669458301074764
0 0.25774700329244 0.4197641697347734 0.04465800955374955 0.01836404131182231
0 0.21467033125052254 0.4285913387132308 0.024624509940852527 0.026711332817196076
0 0.4789694990301494 0.4297916149588589 0.005425739478492981 0.04924901988170525
0 0.452454213686093 0.45857511459544936 0.008977291838279128 0.009818912948117696
0 0.4406953800444034 0.4555378445554342 0.005751077583897552 0.008977291838279073
0 0.8672204185962568 0.5400402121464761 0.021741878670832052 0.015149179977095955
0 0.8960459416082309 0.5443885878806425 0.019637825896235483 0.007574589988547942
