0 0.7509142885097709 0.5078153579071679 0.03698224935550962 0.17092137989869818
0 0.09936706266791916 0.48623502572802685 0.024073751502760213 0.009861146095909594
0 0.34136989317938043 0.5827236844807593 0.020944930425750387 0.07371316599450119
0 0.4237695225675067 0.5595056608305089 0.009741828105000181 0.016236380175000134
0 0.43854462852675696 0.560317479839259 0.01850947339950018 0.019808383813500186
0 0.46809484044525745 0.5687603975302591 0.009417100501500145 0.028900756711500507
0 0.4551869182061323 0.560642207442759 0.011852557527750137 0.020457839020500187
0 0.4175996981010067 0.5616163902532589 0.004221458845500123 0.016561107778500173
0 0.5410326242419652 0.4691837185591507 0.059759752268727914 0.07651953480968911
0 0.5635638886157496 0.5587157357231248 0.008118190087500133 0.017860018192500233
0 0.5398907730962285 0.5650074334338788 0.015424561166250173 0.01786001819250033
0 0.8917970861886316 0.4502420510595037 0.003236301077057817 0.017260272410974834
0 0.8945920734824543 0.4542629099734239 0.0025498129698029006 0.006472602154115492
0 0.8751742670201077 0.44975170241146456 0.004118928643528221 0.01157222809372172
