0 0.7925704051601159 0.6118258746720077 0.019030000000000012 0.17573900000000042
0 0.19990605124621716 0.506772730101436 0.0075757859306950694 0.012405349461513282
1 0.5836669572979913 0.5136856347631952 0.01117428424777529 0.01884476750260397
0 0.8128810741784415 0.5617069365331541 0.013554279241053705 0.07381366526453298
0 0.7611951780363512 0.5388442968494492 0.016003847778593327 0.03984631487731413
0 0.7767907643920213 0.5375378602960946 0.005715659920926157 0.03853987832395966
1 0.8982077115694114 0.529535936406798 0.017636893470286595 0.01600384777859347
1 0.9318484528182915 0.5264331495925808 0.013390974671884095 0.022862639683704986
1 0.9444229046443291 0.5120623475056807 0.0065321827667729334 0.014370802086900341
0 0.9456027604906779 0.5275109255091907 0.006532182766772792 0.014044192948561702
0 0.9126601659408964 0.5205541851024853 0.005715659920926157 0.01894333002364114
