0 0.5498568565628339 0.4847659604946895 0.01978446689001345 0.008705165431605835
0 0.794689634326751 0.4556827941663697 0.007715942087105247 0.03679910841542501
0 0.8138805672100641 0.45805693019317134 0.028291787652719336 0.02018015622781384
0 0.8763005602480567 0.4562763281730701 0.0906128583562618 0.028489632321619496
0 0.8627482004283974 0.5120685248029081 0.016025418180910977 0.03956893378002697
0 0.9255638828041903 0.5136512821541092 0.009496544107206547 0.035612040402024335
0 0.7783674491424898 0.5346228170575236 0.007518097418205087 0.01978446689001345
0 0.953011891136218 0.47546726105638315 0.008507320762705746 0.03284221503742238
0 0.9639922702601754 0.486942251852591 0.010287922782806902 0.01938877755221327
0 0.03482066172642376 0.51483835016751 0.029676700335020244 0.07913786756005407
