0 0.6159625913335858 0.4281124912226524 0.009261578127396319 0.06558198565885959
0 0.6327335571318438 0.4366231305829624 0.009762203972120388 0.06157697890106661
0 0.5945608364716297 0.41809997432817 0.009511891049758319 0.06758448903775609
0 0.579166591746363 0.49494604149332233 0.053316652463118716 0.026032543925654253
0 0.5227210277537185 0.4997019870182014 0.008510639360309966 0.023529414702033548
0 0.6880527129738588 0.47817507569506434 0.008260326437948037 0.009511891049758248
0 0.7932416509653667 0.4921152053638091 0.010012516894482246 0.02403004054675776
0 0.8640802079938297 0.4963705250439642 0.008510639360309966 0.02352941470203362
0 0.8096371473800816 0.5204005655907218 0.014267836574637443 0.014518149496999583
0 0.9802252791333973 0.4991239671899467 0.011013768583930527 0.015018775341723654
0 0.9554442998195535 0.46583234851579275 0.006508135981413545 0.02252816301258541
0 0.4236150943094732 0.45022309274517025 0.007044359534012656 0.015027967005893714
0 0.08278947989222889 0.4779678357753215 0.008741746324024158 0.02519679822806964
