0 0.318634 0.426438 0.031004 0.03542
0 0.06578710054805799 0.48284346315447635 0.015960578625846402 0.008327258413485143
0 0.050095659666728444 0.48581352642123704 0.007419800765861714 0.0075799403507365234
0 0.09305599962325678 0.48841912151353706 0.042318473261095016 0.0046974278229950945
0 0.137986942300378 0.47782391013806674 0.041529532344175626 0.007046141734487321
0 0.37620279319524885 0.46037493833540216 0.029427013644946556 0.010251991850497617
0 0.5042569160118404 0.4727113029352125 0.0037021081682352274 0.007404216336470384
0 0.6115231270401942 0.491126917925921 0.011675879607510922 0.0427166327104063
0 0.5745491798702171 0.47338249548784417 0.018605466691643785 0.011391102056108464
0 0.9706204492802875 0.48078000022495593 0.009017955794419094 0.027718348336530453
