0 0.6111065322433739 0.4603132414575154 0.02830416512350265 0.059421166532573816
0 0.6963706321495793 0.4865077793668462 0.021623678945285198 0.028831571927049274
0 0.7537522233976515 0.49769622027725985 0.01775602905263284 0.02566713110578597
0 0.8562449455529472 0.5022670792413038 0.020217260802502607 0.024260712963003143
0 0.009722337525495504 0.4980573461280285 0.0031207503168257187 0.019044578856526117
0 0.05553335179171917 0.4933362110333435 0.007841885411510771 0.0134432321340185
0 0.04401058139113191 0.496937076783527 0.005281269766935823 0.00816196236708265
0 0.04008963868537652 0.49749721145577774 0.0019204617334312158 0.007681846933724756
0 0.13003126320107153 0.4983598198253991 0.005921423678079574 0.012803078222874688
0 0.0963431636271324 0.4965993965697538 0.003840923466862396 0.005441308244721697
0 0.34454980574502414 0.5023295008553665 0.009492436941597831 0.006926913443868727
0 0.3548439687796624 0.5025219151176963 0.006349670656879596 0.0070551896187550514
0 0.37360435935680686 0.4957874159361573 0.010775198690462347 0.026937996726155974
0 0.3988426967657172 0.4844991125461491 0.010454508253246288 0.005644151695004211
0 0.4505517391208403 0.48704631115565716 0.00604730538750438 0.048011939743216915
0 0.49465304467362586 0.4907373682502869 0.005638513181822375 0.008674635664342034
0 0.5442791714645581 0.49033378092693125 0.005530080236018051 0.0047710496153880655
0 0.9746304842542476 0.4792546525926556 0.013119438049205314 0.018335600165154346
