0 0.06881 0.456257 0.019418 0.032351
0 0.05550100082200307 0.4923002883870176 0.004095219478128396 0.005819522416287697
0 0.5988033754951387 0.4966030162158016 0.006264890466806179 0.003712527684033304
0 0.5268151433719305 0.5051882364851286 0.0029004122531509323 0.010209451131091498
0 0.5041339195522895 0.4963709832355495 0.0025523627827729457 0.007425055368066679
0 0.45234829500143264 0.532979755639031 0.010673517091595742 0.03341274915629981
0 0.32301397190618375 0.5197235738984505 0.015945623382587825 0.14496021256898053
0 0.21385452199241692 0.467918834185464 0.0035137799880978447 0.007808399973550877
0 0.19739181204818051 0.5151596540254465 0.014835959949746602 0.005465879981485528
0 0.17045283213943016 0.4938166940977409 0.006767279977077365 0.009630359967379362
