0 0.7998310000000001 0.47263799999999995 0.016014 0.130643
0 0.516806 0.49851 0.010144 0.011285
0 0.04014572551340459 0.5197390354028277 0.006176265463600696 0.02322275814313869
0 0.05558638917240635 0.5288799082889567 0.0049410123708805735 0.013834834638465451
0 0.0631214330379992 0.5306092626187651 0.007164467937776821 0.019269948246434368
0 0.0707800022128641 0.5325856675671171 0.006670366700688772 0.020258150720610216
0 0.07880914731554499 0.5345620725154693 0.007905619793408904 0.021246353194786495
0 0.10302010793285979 0.5375266799379979 0.018281745772258093 0.02025815072061029
0 0.12031365123094175 0.5370325787009098 0.014823037112641692 0.019269948246434083
0 0.1408188525700961 0.5375266799379979 0.011364328453025312 0.02025815072061029
0 0.15823592117745008 0.5357973256081896 0.011611379071569346 0.018775847009346192
0 0.12364883458128613 0.5167744279802994 0.011611379071569328 0.012352530927201429
