0 0.332947 0.529685 0.056115 0.36861199999999994
0 0.945514 0.46571200000000007 0.024293 0.097803
0 0.7062620108385421 0.40827696825326787 0.09213759213759173 0.1394496301922308
0 0.5435303795249551 0.44911633354472363 0.09305498557787334 0.15893063058074605
0 0.87376044435915 0.4185861037802782 0.033800910338127606 0.030113538301240795
0 0.7911018545322746 0.4576107911706617 0.011062116110659872 0.02089510820902426
0 0.49498361940963664 0.5218127644914466 0.019803350206364492 0.019803350206364433
0 0.4167313695600186 0.5433006078354787 0.01291522839545519 0.0189423349800008
0 0.4111347705886547 0.593239490964572 0.013776243621818835 0.044772791770911126
0 0.5918318324244052 0.5472291518186819 0.01463725884818244 0.04735583745000207
0 0.5489170118172714 0.5500579234849824 0.06758969526954843 0.02839267295744778
0 0.10857475770936321 0.46594001047997624 0.05795717116686523 0.03099654814909223
0 0.02791803952849744 0.46189964292818714 0.0038745685186365435 0.030135532922728827
0 0.03872649004057336 0.45598582283351113 0.01726524983434191 0.011027391668541308
0 0.1414378697115283 0.4916415140406978 0.0036739333053827923 0.060252506208277753
0 0.1458806569362167 0.48640025939760767 0.0040413266359210906 0.02204359983229676
